1000	501.86801
999.8	500.914923
999.6	499.826478
999.4	498.60973
999.2	497.273216
999	495.825929
998.8	494.288294
998.6	492.651017
998.4	490.916434
998.2	489.086963
998	487.165874
997.8	485.15125
997.6	483.059616
997.4	480.901006
997.2	478.686055
997	476.425589
996.8	474.130971
996.6	471.811192
996.4	469.476655
996.2	467.137832
996	464.805193
995.8	462.489999
995.6	460.201124
995.4	457.948172
995.2	455.740418
995	453.586692
994.8	451.497225
994.6	449.477256
994.4	447.532583
994.2	445.668269
994	443.888945
993.8	442.194354
993.6	440.595364
993.4	439.098613
993.2	437.710639
993	436.437513
992.8	435.28867
992.6	434.262544
992.4	433.360803
992.2	432.584309
992	431.933306
991.8	431.406954
991.6	431.005898
991.4	430.729384
991.2	430.576326
991	430.54548
990.8	430.632498
990.6	430.840328
990.4	431.169641
990.2	431.621345
990	432.196246
989.8	432.89897
989.6	433.723413
989.4	434.666417
989.2	435.723959
989	436.891449
988.8	438.162122
988.6	439.533958
988.4	441.003404
988.2	442.56732
988	444.222975
987.8	445.966248
987.6	447.797274
987.4	449.714442
987.2	451.715845
987	453.799006
986.8	455.964462
986.6	458.202823
986.4	460.508058
986.2	462.873877
986	465.294031
985.8	467.759443
985.6	470.269092
985.4	472.81844
985.2	475.402662
985	478.01643
984.8	480.65496
984.6	483.309562
984.4	485.972855
984.2	488.637281
984	491.29518
983.8	493.938162
983.6	496.559391
983.4	499.150679
983.2	501.703127
983	504.206935
982.8	506.654134
982.6	509.029099
982.4	511.31825
982.2	513.507752
982	515.584008
981.8	517.527885
981.6	519.335806
981.4	520.998947
981.2	522.508845
981	523.85687
980.8	525.041398
980.6	526.041962
980.4	526.845238
980.2	527.438096
980	527.808324
979.8	527.939542
979.6	527.831265
979.4	527.479141
979.2	526.880759
979	526.03547
978.8	524.94713
978.6	523.614088
978.4	522.039375
978.2	520.22782
978	518.186211
977.8	515.920847
977.6	513.445974
977.4	510.775573
977.2	507.925299
977	504.911973
976.8	501.759037
976.6	498.476519
976.4	495.079847
976.2	491.58491
976	488.008627
975.8	484.359364
975.6	480.670939
975.4	476.968464
975.2	473.276911
975	469.619821
974.8	466.028061
974.6	462.505595
974.4	459.064416
974.2	455.71496
974	452.46689
973.8	449.325206
973.6	446.30641
973.4	443.421219
973.2	440.679638
973	438.090749
972.8	435.661356
972.6	433.399629
972.4	431.311561
972.2	429.401673
972	427.672893
971.8	426.129462
971.6	424.766945
971.4	423.583363
971.2	422.576312
971	421.743271
970.8	421.081022
970.6	420.588631
970.4	420.263789
970.2	420.103992
970	420.106552
969.8	420.266105
969.6	420.583057
969.4	421.055007
969.2	421.679041
969	422.451584
968.8	423.372152
968.6	424.430214
968.4	425.619518
968.2	426.93411
968	428.368524
967.8	429.91618
967.6	431.57553
967.4	433.342315
967.2	435.211925
967	437.179446
966.8	439.237345
966.6	441.383369
966.4	443.614101
966.2	445.92647
966	448.317422
965.8	450.788619
965.6	453.329256
965.4	455.932357
965.2	458.590325
965	461.295321
964.8	464.03582
964.6	466.809906
964.4	469.611996
964.2	472.436664
964	475.27847
963.8	478.131296
963.6	480.989569
963.4	483.847397
963.2	486.698468
963	489.535821
962.8	492.355898
962.6	495.144216
962.4	497.889625
962.2	500.580592
962	503.205626
961.8	505.749932
961.6	508.20847
961.4	510.572035
961.2	512.831212
961	514.976241
960.8	516.995387
960.6	518.879596
960.4	520.619902
960.2	522.208011
960	523.636128
959.8	524.904292
959.6	525.995246
959.4	526.897627
959.2	527.59987
959	528.090953
958.8	528.352045
958.6	528.387776
958.4	528.196774
958.2	527.780066
958	527.140624
957.8	526.287549
957.6	525.219567
957.4	523.941001
957.2	522.456951
957	520.773317
956.8	518.898948
956.6	516.838967
956.4	514.601324
956.2	512.195309
956	509.631869
955.8	506.918768
955.6	504.077897
955.4	501.127328
955.2	498.085919
955	494.972677
954.8	491.807728
954.6	488.606224
954.4	485.38482
954.2	482.159379
954	478.944823
953.8	475.75956
953.6	472.610407
953.4	469.507513
953.2	466.460631
953	463.479597
952.8	460.567517
952.6	457.745207
952.4	455.025352
952.2	452.419369
952	449.936802
951.8	447.589956
951.6	445.376375
951.4	443.298423
951.2	441.357889
951	439.556386
950.8	437.894006
950.6	436.375136
950.4	435.001205
950.2	433.772854
950	432.689895
949.8	431.751611
949.6	430.955853
949.4	430.300889
949.2	429.784955
949	429.406337
948.8	429.161476
948.6	429.051356
948.4	429.074662
948.2	429.229561
948	429.513505
947.8	429.928001
947.6	430.462175
947.4	431.109653
947.2	431.864077
947	432.719553
946.8	433.664475
946.6	434.703758
946.4	435.836335
946.2	437.061338
946	438.377589
945.8	439.788562
945.6	441.283823
945.4	442.857656
945.2	444.503831
945	446.215946
944.8	447.985311
944.6	449.809565
944.4	451.684199
944.2	453.605034
944	455.568099
943.8	457.56984
943.6	459.60585
943.4	461.671679
943.2	463.762545
943	465.873337
942.8	467.997711
942.6	470.131045
942.4	472.268195
942.2	474.403994
942	476.533112
941.8	478.653395
941.6	480.754339
941.4	482.827899
941.2	484.865734
941	486.859586
940.8	488.796482
940.6	490.676227
940.4	492.494332
940.2	494.246656
940	495.929011
939.8	497.540604
939.6	499.070937
939.4	500.512826
939.2	501.858705
939	503.100877
938.8	504.231397
938.6	505.243647
938.4	506.131414
938.2	506.889516
938	507.513964
937.8	508.000287
937.6	508.349575
937.4	508.561252
937.2	508.634933
937	508.570266
936.8	508.36732
936.6	508.024839
936.4	507.543607
936.2	506.925485
936	506.173411
935.8	505.294417
935.6	504.289267
935.4	503.161774
935.2	501.91637
935	500.558363
934.8	499.088889
934.6	497.522932
934.4	495.871072
934.2	494.144334
934	492.353705
933.8	490.513324
933.6	488.627711
933.4	486.705284
933.2	484.75441
933	482.783535
932.8	480.801549
932.6	478.817089
932.4	476.83841
932.2	474.873549
932	472.930368
931.8	471.014575
931.6	469.136574
931.4	467.304329
931.2	465.525287
931	463.806229
930.8	462.152372
930.6	460.56971
930.4	459.063328
930.2	457.637586
930	456.295956
929.8	455.046765
929.6	453.883636
929.4	452.805236
929.2	451.810245
929	450.89792
928.8	450.05957
928.6	449.308889
928.4	448.650204
928.2	448.08701
928	447.621298
927.8	447.260962
927.6	446.99295
927.4	446.812132
927.2	446.71332
927	446.691803
926.8	446.739697
926.6	446.859904
926.4	447.051081
926.2	447.311974
926	447.641203
925.8	448.037816
925.6	448.498728
925.4	449.021173
925.2	449.60193
925	450.23738
924.8	450.923152
924.6	451.655521
924.4	452.430785
924.2	453.245405
924	454.095941
923.8	454.981817
923.6	455.895829
923.4	456.833218
923.2	457.789309
923	458.759771
922.8	459.735565
922.6	460.720849
922.4	461.714652
922.2	462.715847
922	463.722763
921.8	464.737763
921.6	465.750377
921.4	466.755401
921.2	467.747884
921	468.723469
920.8	469.677434
920.6	470.609288
920.4	471.516863
920.2	472.398141
920	473.251218
919.8	474.071212
919.6	474.860434
919.4	475.618765
919.2	476.346111
919	477.042158
918.8	477.710815
918.6	478.34445
918.4	478.940139
918.2	479.49527
918	480.007869
917.8	480.474168
917.6	480.897914
917.4	481.2803
917.2	481.622813
917	481.927051
916.8	482.194687
916.6	482.42698
916.4	482.625272
916.2	482.790774
916	482.924591
915.8	483.027584
915.6	483.100825
915.4	483.145851
915.2	483.164508
915	483.158854
914.8	483.134406
914.6	483.088915
914.4	483.02282
914.2	482.9365
914	482.830567
913.8	482.698725
913.6	482.552652
913.4	482.397341
913.2	482.237784
913	482.078428
912.8	481.932227
912.6	481.788402
912.4	481.644713
912.2	481.498493
912	481.347264
911.8	481.180771
911.6	481.009837
911.4	480.83763
911.2	480.667748
911	480.503731
910.8	480.353956
910.6	480.213414
910.4	480.081423
910.2	479.956543
910	479.836813
909.8	479.717429
909.6	479.599474
909.4	479.482097
909.2	479.36484
909	479.247547
908.8	479.132446
908.6	479.016824
908.4	478.899433
908.2	478.778701
908	478.652822
907.8	478.516149
907.6	478.371502
907.4	478.218613
907.2	478.057368
907	477.887619
906.8	477.714005
906.6	477.529163
906.4	477.330053
906.2	477.113413
906	476.876051
905.8	476.611212
905.6	476.322
905.4	476.008262
905.2	475.670364
905	475.309009
904.8	474.925539
904.6	474.520062
904.4	474.093084
904.2	473.644873
904	473.175401
903.8	472.687075
903.6	472.175503
903.4	471.639204
903.2	471.077072
903	470.488666
902.8	469.871414
902.6	469.231127
902.4	468.570744
902.2	467.893416
902	467.202254
901.8	466.500335
901.6	465.789575
901.4	465.072571
901.2	464.351924
901	463.630218
900.8	462.9126
900.6	462.198083
900.4	461.488144
900.2	460.784495
900	460.089309
899.8	459.402615
899.6	458.73185
899.4	458.081613
899.2	457.456403
899	456.860359
898.8	456.297479
898.6	455.769973
898.4	455.280563
898.2	454.83176
898	454.42589
897.8	454.066904
897.6	453.754375
897.4	453.489641
897.2	453.274191
897	453.109767
896.8	452.997059
896.6	452.940464
896.4	452.942309
896.2	453.004442
896	453.128152
895.8	453.312579
895.6	453.559904
895.4	453.871141
895.2	454.24721
895	454.688785
894.8	455.200698
894.6	455.776577
894.4	456.413902
894.2	457.109948
894	457.862141
893.8	458.662913
893.6	459.518302
893.4	460.42916
893.2	461.396262
893	462.419857
892.8	463.503633
892.6	464.639684
892.4	465.823577
892.2	467.050251
892	468.31443
891.8	469.608263
891.6	470.930864
891.4	472.279353
891.2	473.651307
891	475.044466
890.8	476.458914
890.6	477.888671
890.4	479.328673
890.2	480.77286
890	482.214414
889.8	483.641682
889.6	485.052698
889.4	486.442711
889.2	487.807599
889	489.143578
888.8	490.453687
888.6	491.724878
888.4	492.949087
888.2	494.117468
888	495.220868
887.8	496.243236
887.6	497.185693
887.4	498.043752
887.2	498.813764
887	499.492568
886.8	500.081477
886.6	500.571381
886.4	500.956795
886.2	501.231812
886	501.390371
885.8	501.425493
885.6	501.333102
885.4	501.109943
885.2	500.754468
885	500.266862
884.8	499.648879
884.6	498.904056
884.4	498.035262
884.2	497.045268
884	495.936711
883.8	494.710947
883.6	493.372242
883.4	491.925386
883.2	490.376348
883	488.732203
882.8	487.003834
882.6	485.196066
882.4	483.317052
882.2	481.375557
882	479.380965
881.8	477.341024
881.6	475.269592
881.4	473.17753
881.2	471.075205
881	468.972355
880.8	466.877511
880.6	464.799504
880.4	462.74746
880.2	460.730629
880	458.758264
879.8	456.842245
879.6	454.987665
879.4	453.201324
879.2	451.489401
879	449.857586
878.8	448.308661
878.6	446.851203
878.4	445.490614
878.2	444.231612
878	443.078114
877.8	442.033605
877.6	441.099583
877.4	440.277666
877.2	439.568984
877	438.974251
876.8	438.495102
876.6	438.129729
876.4	437.877823
876.2	437.739266
876	437.714131
875.8	437.801914
875.6	438.004151
875.4	438.319785
875.2	438.746527
875	439.280998
874.8	439.917043
874.6	440.652189
874.4	441.483846
874.2	442.410265
874	443.430297
873.8	444.547182
873.6	445.754515
873.4	447.048405
873.2	448.424126
873	449.876406
872.8	451.396091
872.6	452.982879
872.4	454.633223
872.2	456.343775
872	458.111209
871.8	459.932719
871.6	461.803384
871.4	463.718842
871.2	465.67438
871	467.66488
870.8	469.687572
870.6	471.732785
870.4	473.793395
870.2	475.862399
870	477.933181
869.8	479.995313
869.6	482.049592
869.4	484.091816
869.2	486.117083
869	488.119395
868.8	490.094252
868.6	492.02843
868.4	493.912448
868.2	495.737284
868	497.494742
867.8	499.17866
867.6	500.782112
867.4	502.298024
867.2	503.719085
867	505.037747
866.8	506.242457
866.6	507.330538
866.4	508.296125
866.2	509.133473
866	509.836851
865.8	510.403538
865.6	510.82338
865.4	511.090664
865.2	511.20101
865	511.151604
864.8	510.941551
864.6	510.571225
864.4	510.041265
864.2	509.3529
864	508.507953
863.8	507.506622
863.6	506.355384
863.4	505.059332
863.2	503.624315
863	502.056895
862.8	500.365062
862.6	498.555263
862.4	496.636746
862.2	494.62006
862	492.516801
861.8	490.342311
861.6	488.105485
861.4	485.816971
861.2	483.487018
861	481.125741
860.8	478.737869
860.6	476.341548
860.4	473.949958
860.2	471.576137
860	469.23248
859.8	466.934998
859.6	464.687021
859.4	462.496114
859.2	460.369365
859	458.313666
858.8	456.334195
858.6	454.44057
858.4	452.639673
858.2	450.937689
858	449.339973
857.8	447.850336
857.6	446.473115
857.4	445.211222
857.2	444.06665
857	443.040526
856.8	442.133946
856.6	441.34539
856.4	440.674611
856.2	440.121629
856	439.686741
855.8	439.37133
855.6	439.174995
855.4	439.096637
855.2	439.134184
855	439.284696
854.8	439.542222
854.6	439.905781
854.4	440.372717
854.2	440.940572
854	441.606964
853.8	442.371459
853.6	443.228605
853.4	444.174425
853.2	445.204608
853	446.314637
852.8	447.499553
852.6	448.755296
852.4	450.077835
852.2	451.463397
852	452.908377
851.8	454.408255
851.6	455.96091
851.4	457.56208
851.2	459.206659
851	460.88874
850.8	462.602859
850.6	464.340062
850.4	466.093818
850.2	467.858416
850	469.629036
849.8	471.401117
849.6	473.172466
849.4	474.93896
849.2	476.695563
849	478.436137
848.8	480.153563
848.6	481.838945
848.4	483.484211
848.2	485.081676
848	486.62434
847.8	488.105357
847.6	489.52068
847.4	490.865696
847.2	492.136009
847	493.327214
846.8	494.437034
846.6	495.457424
846.4	496.382364
846.2	497.205833
846	497.922104
845.8	498.522666
845.6	499.007789
845.4	499.375206
845.2	499.623329
845	499.751127
844.8	499.759688
844.6	499.646349
844.4	499.41156
844.2	499.056865
844	498.584846
843.8	498.001464
843.6	497.307802
843.4	496.50669
843.2	495.601036
843	494.594122
842.8	493.484262
842.6	492.284204
842.4	491.002342
842.2	489.647765
842	488.229777
841.8	486.762613
841.6	485.24739
841.4	483.690945
841.2	482.100443
841	480.483587
840.8	478.846847
840.6	477.20216
840.4	475.558505
840.2	473.924261
840	472.307069
839.8	470.713073
839.6	469.149162
839.4	467.621551
839.2	466.136191
839	464.698817
838.8	463.315036
838.6	461.98989
838.4	460.728647
838.2	459.536369
838	458.417711
837.8	457.379936
837.6	456.422296
837.4	455.545619
837.2	454.749918
837	454.034757
836.8	453.39335
836.6	452.833785
836.4	452.358274
836.2	451.968786
836	451.666652
835.8	451.458677
835.6	451.335183
835.4	451.293081
835.2	451.329479
835	451.441981
834.8	451.625224
834.6	451.883475
834.4	452.215878
834.2	452.620654
834	453.095009
833.8	453.635723
833.6	454.237422
833.4	454.896075
833.2	455.608
833	456.369917
832.8	457.178923
832.6	458.032202
832.4	458.927153
832.2	459.861203
832	460.831638
831.8	461.837585
831.6	462.872968
831.4	463.932575
831.2	465.010626
831	466.101142
830.8	467.193842
830.6	468.289437
830.4	469.385146
830.2	470.478588
830	471.567418
829.8	472.653381
829.6	473.727048
829.4	474.783459
829.2	475.817753
829	476.82539
828.8	477.800837
828.6	478.743087
828.4	479.648556
828.2	480.513202
828	481.332559
827.8	482.099317
827.6	482.81155
827.4	483.466721
827.2	484.063289
827	484.600529
826.8	485.083281
826.6	485.505041
826.4	485.863323
826.2	486.155413
826	486.378637
825.8	486.526735
825.6	486.603369
825.4	486.608882
825.2	486.544095
825	486.410182
824.8	486.208852
824.6	485.941192
824.4	485.609003
824.2	485.214286
824	484.759223
823.8	484.24823
823.6	483.680752
823.4	483.059564
823.2	482.388389
823	481.671843
822.8	480.914364
822.6	480.123497
822.4	479.303891
822.2	478.459162
822	477.592047
821.8	476.703054
821.6	475.795945
821.4	474.875008
821.2	473.945704
821	473.014451
820.8	472.09052
820.6	471.178102
820.4	470.282556
820.2	469.408445
820	468.559491
819.8	467.73842
819.6	466.947796
819.4	466.189501
819.2	465.465222
819	464.776723
818.8	464.123281
818.6	463.511043
818.4	462.943957
818.2	462.426009
818	461.960849
817.8	461.555755
817.6	461.206928
817.4	460.914249
817.2	460.677288
817	460.495596
816.8	460.365732
816.6	460.292336
816.4	460.275874
816.2	460.316077
816	460.411876
815.8	460.561956
815.6	460.762994
815.4	461.01334
815.2	461.311929
815	461.658215
814.8	462.052714
814.6	462.494342
814.4	462.981939
814.2	463.513752
814	464.087384
813.8	464.701069
813.6	465.349895
813.4	466.029205
813.2	466.734016
813	467.459415
812.8	468.1962
812.6	468.946787
812.4	469.710314
812.2	470.486365
812	471.27436
811.8	472.079407
811.6	472.890146
811.4	473.700547
811.2	474.504118
811	475.294545
810.8	476.061409
810.6	476.807153
810.4	477.529286
810.2	478.225325
810	478.892485
809.8	479.528624
809.6	480.127842
809.4	480.686436
809.2	481.201208
809	481.669541
808.8	482.090932
808.6	482.461831
808.4	482.779695
808.2	483.041916
808	483.245904
807.8	483.388041
807.6	483.467832
807.4	483.483747
807.2	483.434471
807	483.318978
806.8	483.134966
806.6	482.884308
806.4	482.568458
806.2	482.18963
806	481.750585
805.8	481.257945
805.6	480.70984
805.4	480.108291
805.2	479.45568
805	478.75485
804.8	478.007418
804.6	477.220246
804.4	476.39688
804.2	475.540256
804	474.652913
803.8	473.734493
803.6	472.790772
803.4	471.827868
803.2	470.853387
803	469.875827
802.8	468.909824
802.6	467.955797
802.4	467.017591
802.2	466.097681
802	465.197607
801.8	464.313837
801.6	463.453867
801.4	462.621319
801.2	461.820353
801	461.055557
800.8	460.332216
800.6	459.654596
800.4	459.027319
800.2	458.454592
800	457.939958
799.8	457.48898
799.6	457.099517
799.4	456.771645
799.2	456.505083
799	456.29947
798.8	456.152077
798.6	456.066625
798.4	456.043677
798.2	456.083397
798	456.185516
797.8	456.348323
797.6	456.571903
797.4	456.856511
797.2	457.202803
797	457.61156
796.8	458.088189
796.6	458.626346
796.4	459.222607
796.2	459.872558
796	460.571261
795.8	461.308179
795.6	462.086587
795.4	462.904833
795.2	463.761623
795	464.655706
794.8	465.588185
794.6	466.553085
794.4	467.547384
794.2	468.567979
794	469.611694
793.8	470.676492
793.6	471.7576
793.4	472.850412
793.2	473.949869
793	475.050649
792.8	476.144969
792.6	477.230918
792.4	478.304529
792.2	479.362055
792	480.399892
791.8	481.414675
791.6	482.402376
791.4	483.359646
791.2	484.283231
791	485.169839
790.8	486.01932
790.6	486.823628
790.4	487.577231
790.2	488.274471
790	488.909926
789.8	489.473602
789.6	489.968492
789.4	490.393038
789.2	490.745939
789	491.025869
788.8	491.234989
788.6	491.366004
788.4	491.416655
788.2	491.385697
788	491.273016
787.8	491.079001
787.6	490.806755
787.4	490.457348
787.2	490.031198
787	489.528135
786.8	488.947108
786.6	488.288142
786.4	487.552548
786.2	486.743008
786	485.863622
785.8	484.917712
785.6	483.914431
785.4	482.861192
785.2	481.76533
785	480.633624
784.8	479.478037
784.6	478.29514
784.4	477.086864
784.2	475.85514
784	474.602589
783.8	473.325433
783.6	472.039919
783.4	470.755073
783.2	469.479958
783	468.222938
782.8	466.99651
782.6	465.798237
782.4	464.631404
782.2	463.499238
782	462.405256
781.8	461.351826
781.6	460.346296
781.4	459.393058
781.2	458.49579
781	457.657332
780.8	456.879591
780.6	456.163746
780.4	455.511208
780.2	454.923449
780	454.402114
779.8	453.94745
779.6	453.563595
779.4	453.253096
779.2	453.01822
779	452.86066
778.8	452.786024
778.6	452.787898
778.4	452.863309
778.2	453.008619
778	453.22
777.8	453.487849
777.6	453.817451
777.4	454.208803
777.2	454.662237
777	455.178034
776.8	455.759976
776.6	456.401593
776.4	457.10011
776.2	457.852369
776	458.654945
775.8	459.504434
775.6	460.39719
775.4	461.328909
775.2	462.295003
775	463.290783
774.8	464.30887
774.6	465.348722
774.4	466.407377
774.2	467.481998
774	468.569683
773.8	469.668654
773.6	470.773234
773.4	471.879654
773.2	472.984196
773	474.083096
772.8	475.175284
772.6	476.253162
772.4	477.310429
772.2	478.340276
772	479.33582
771.8	480.284795
771.6	481.189065
771.4	482.046272
771.2	482.854836
771	483.613557
770.8	484.325825
770.6	484.983724
770.4	485.583764
770.2	486.122376
770	486.596078
769.8	487.001252
769.6	487.335759
769.4	487.596569
769.2	487.780692
769	487.885415
768.8	487.90529
768.6	487.843175
768.4	487.700615
768.2	487.480435
768	487.186419
767.8	486.825468
767.6	486.398481
767.4	485.908472
767.2	485.358081
767	484.749605
766.8	484.087682
766.6	483.37099
766.4	482.600765
766.2	481.778864
766	480.908202
765.8	479.985407
765.6	479.026905
765.4	478.042223
765.2	477.040889
765	476.031577
764.8	475.029546
764.6	474.028417
764.4	473.030141
764.2	472.03678
764	471.051139
763.8	470.072887
763.6	469.114051
763.4	468.180873
763.2	467.278845
763	466.412371
762.8	465.585095
762.6	464.797828
762.4	464.05291
762.2	463.353015
762	462.701268
761.8	462.101046
761.6	461.556563
761.4	461.070934
761.2	460.646437
761	460.284292
760.8	459.987757
760.6	459.751475
760.4	459.572716
760.2	459.448634
760	459.376744
759.8	459.348897
759.6	459.37297
759.4	459.45098
759.2	459.584941
759	459.776298
758.8	460.031895
758.6	460.341805
758.4	460.701939
758.2	461.107735
758	461.554555
757.8	462.035247
757.6	462.5501
757.4	463.096022
757.2	463.669838
757	464.268327
756.8	464.886522
756.6	465.523437
756.4	466.177235
756.2	466.846262
756	467.528726
755.8	468.225797
755.6	468.929793
755.4	469.635964
755.2	470.339329
755	471.034974
754.8	471.717118
754.6	472.383741
754.4	473.031155
754.2	473.655743
754	474.254016
753.8	474.820862
753.6	475.355573
753.4	475.856575
753.2	476.322694
753	476.752935
752.8	477.148104
752.6	477.504384
752.4	477.819786
752.2	478.092294
752	478.319922
751.8	478.502771
751.6	478.636626
751.4	478.718824
751.2	478.746992
751	478.71947
750.8	478.628585
750.6	478.484705
750.4	478.292963
750.2	478.059205
750	477.78908
749.8	477.496553
749.6	477.171535
749.4	476.812367
749.2	476.417133
749	475.98462
748.8	475.508342
748.6	475.000833
748.4	474.467951
748.2	473.915831
748	473.350194
747.8	472.777347
747.6	472.198088
747.4	471.615622
747.2	471.033255
747	470.454558
746.8	469.883899
746.6	469.324803
746.4	468.781347
746.2	468.257581
746	467.757329
745.8	467.287076
745.6	466.845906
745.4	466.434472
745.2	466.052932
745	465.701461
744.8	465.373102
744.6	465.079431
744.4	464.826003
744.2	464.61873
744	464.463079
743.8	464.37288
743.6	464.337684
743.4	464.354789
743.2	464.420511
743	464.530947
742.8	464.675676
742.6	464.862208
742.4	465.09143
742.2	465.364578
742	465.682856
741.8	466.048509
741.6	466.459317
741.4	466.914884
741.2	467.414547
741	467.95726
740.8	468.544937
740.6	469.170855
740.4	469.8306
740.2	470.519317
740	471.232128
739.8	471.960854
739.6	472.706944
739.4	473.468092
739.2	474.242036
739	475.026375
738.8	475.817775
738.6	476.613476
738.4	477.411048
738.2	478.208079
738	479.001924
737.8	479.794493
737.6	480.575398
737.4	481.337967
737.2	482.075193
737	482.7803
736.8	483.44179
736.6	484.06225
736.4	484.639345
736.2	485.171034
736	485.655199
735.8	486.091377
735.6	486.473495
735.4	486.798113
735.2	487.062039
735	487.262399
734.8	487.398382
734.6	487.465552
734.4	487.460743
734.2	487.380855
734	487.223071
733.8	486.982733
733.6	486.661574
733.4	486.259628
733.2	485.777581
733	485.216714
732.8	484.57787
732.6	483.864322
732.4	483.079799
732.2	482.228704
732	481.315772
731.8	480.351198
731.6	479.332193
731.4	478.260238
731.2	477.136635
731	475.963121
730.8	474.73551
730.6	473.467639
730.4	472.167736
730.2	470.844772
730	469.507804
729.8	468.169656
729.6	466.831761
729.4	465.499761
729.2	464.17901
729	462.874793
728.8	461.591493
728.6	460.336246
728.4	459.114746
728.2	457.932467
728	456.794588
727.8	455.706987
727.6	454.67284
727.4	453.69593
727.2	452.779857
727	451.9282
726.8	451.140275
726.6	450.425658
726.4	449.789891
726.2	449.238138
726	448.774708
725.8	448.410439
725.6	448.136426
725.4	447.950119
725.2	447.84831
725	447.827832
724.8	447.87774
724.6	448.008039
724.4	448.22135
724.2	448.520768
724	448.90925
723.8	449.394853
723.6	449.97062
723.4	450.634018
723.2	451.381392
723	452.208339
722.8	453.10814
722.6	454.078743
722.4	455.116664
722.2	456.218868
722	457.382718
721.8	458.605783
721.6	459.886084
721.4	461.22084
721.2	462.606778
721	464.040116
720.8	465.51524
720.6	467.029037
720.4	468.577658
720.2	470.15724
720	471.763717
719.8	473.396995
719.6	475.046314
719.4	476.704151
719.2	478.362629
719	480.013953
718.8	481.645664
718.6	483.25832
718.4	484.847659
718.2	486.409477
718	487.93927
717.8	489.433937
717.6	490.884417
717.4	492.284032
717.2	493.626037
717	494.903702
716.8	496.112818
716.6	497.24378
716.4	498.288652
716.2	499.239505
716	500.088739
715.8	500.825292
715.6	501.448714
715.4	501.955618
715.2	502.343474
715	502.610373
714.8	502.756178
714.6	502.777575
714.4	502.672896
714.2	502.440613
714	502.079365
713.8	501.591161
713.6	500.970934
713.4	500.217755
713.2	499.332008
713	498.315716
712.8	497.167819
712.6	495.901093
712.4	494.523486
712.2	493.043193
712	491.468309
711.8	489.808187
711.6	488.067353
711.4	486.253924
711.2	484.376867
711	482.445822
710.8	480.475327
710.6	478.469963
710.4	476.436902
710.2	474.382837
710	472.31451
709.8	470.231228
709.6	468.151979
709.4	466.089059
709.2	464.054981
709	462.061705
708.8	460.125848
708.6	458.248089
708.4	456.433942
708.2	454.68787
708	453.01365
707.8	451.414056
707.6	449.893521
707.4	448.455571
707.2	447.103884
707	445.842384
706.8	444.672593
706.6	443.60263
706.4	442.636963
706.2	441.779007
706	441.030896
705.8	440.394952
705.6	439.868143
705.4	439.449538
705.2	439.138261
705	438.933602
704.8	438.837146
704.6	438.845901
704.4	438.957939
704.2	439.170985
704	439.482621
703.8	439.885581
703.6	440.384409
703.4	440.979029
703.2	441.669239
703	442.454393
702.8	443.337699
702.6	444.31046
702.4	445.36843
702.2	446.507204
702	447.722455
701.8	449.008665
701.6	450.364428
701.4	451.786354
701.2	453.27095
701	454.814632
700.8	456.412108
700.6	458.061807
700.4	459.760899
700.2	461.506556
700	463.295786
699.8	465.126828
699.6	466.993609
699.4	468.891486
699.2	470.815517
699	472.760456
698.8	474.722988
698.6	476.694642
698.4	478.668143
698.2	480.636029
698	482.59104
697.8	484.519686
697.6	486.425008
697.4	488.304461
697.2	490.155657
697	491.975679
696.8	493.768813
696.6	495.518031
696.4	497.213326
696.2	498.844024
696	500.399482
695.8	501.864047
695.6	503.23686
695.4	504.512171
695.2	505.685066
695	506.751218
694.8	507.707764
694.6	508.549215
694.4	509.271141
694.2	509.868872
694	510.337454
693.8	510.673105
693.6	510.868451
693.4	510.918588
693.2	510.819677
693	510.56918
692.8	510.165995
692.6	509.610804
692.4	508.904398
692.2	508.048259
692	507.044641
691.8	505.893172
691.6	504.602518
691.4	503.179754
691.2	501.633019
691	499.971063
690.8	498.208323
690.6	496.346041
690.4	494.390471
690.2	492.347957
690	490.225404
689.8	488.026626
689.6	485.766521
689.4	483.457092
689.2	481.111176
689	478.741953
688.8	476.363326
688.6	473.986615
688.4	471.622836
688.2	469.281873
688	466.972512
687.8	464.703226
687.6	462.4798
687.4	460.3094
687.2	458.199488
687	456.157836
686.8	454.193255
686.6	452.313119
686.4	450.52363
686.2	448.829762
686	447.235313
685.8	445.740029
685.6	444.349694
685.4	443.067694
685.2	441.897338
685	440.841711
684.8	439.906579
684.6	439.089902
684.4	438.391606
684.2	437.810852
684	437.346206
683.8	436.994995
683.6	436.756299
683.4	436.628519
683.2	436.610222
683	436.700166
682.8	436.895624
682.6	437.197954
682.4	437.606274
682.2	438.119119
682	438.734301
681.8	439.451077
681.6	440.262529
681.4	441.164149
681.2	442.151477
681	443.220258
680.8	444.366421
680.6	445.586706
680.4	446.877378
680.2	448.234711
680	449.65504
679.8	451.131391
679.6	452.664851
679.4	454.253294
679.2	455.894291
679	457.584766
678.8	459.32643
678.6	461.106358
678.4	462.916935
678.2	464.750519
678	466.599966
677.8	468.454105
677.6	470.314858
677.4	472.179208
677.2	474.044147
677	475.906241
676.8	477.763277
676.6	479.607055
676.4	481.431259
676.2	483.229194
676	484.993965
675.8	486.718809
675.6	488.396742
675.4	490.021183
675.2	491.585929
675	493.085195
674.8	494.514663
674.6	495.868227
674.4	497.140242
674.2	498.324996
674	499.41684
673.8	500.405477
673.6	501.292201
673.4	502.074576
673.2	502.750512
673	503.317923
672.8	503.782084
672.6	504.129766
672.4	504.355674
672.2	504.455375
672	504.425863
671.8	504.259733
671.6	503.96673
671.4	503.550564
671.2	503.015357
671	502.365265
670.8	501.605992
670.6	500.738445
670.4	499.76651
670.2	498.694696
670	497.528155
669.8	496.274419
669.6	494.937351
669.4	493.522788
669.2	492.037028
669	490.486904
668.8	488.878572
668.6	487.222006
668.4	485.525758
668.2	483.798404
668	482.048452
667.8	480.28185
667.6	478.509831
667.4	476.741338
667.2	474.984839
667	473.248051
666.8	471.542885
666.6	469.867873
666.4	468.226565
666.2	466.62259
666	465.060026
665.8	463.53989
665.6	462.07333
665.4	460.666426
665.2	459.324406
665	458.051408
664.8	456.849382
664.6	455.720948
664.4	454.668401
664.2	453.693793
664	452.798845
663.8	451.990042
663.6	451.261247
663.4	450.610626
663.2	450.03619
663	449.536166
662.8	449.103213
662.6	448.74516
662.4	448.46367
662.2	448.2601
662	448.135117
661.8	448.092424
661.6	448.124999
661.4	448.229411
661.2	448.401812
661	448.638238
660.8	448.93335
660.6	449.285636
660.4	449.692817
660.2	450.153176
660	450.665402
659.8	451.22924
659.6	451.842729
659.4	452.503385
659.2	453.207927
659	453.952452
658.8	454.730388
658.6	455.540162
658.4	456.379214
658.2	457.245526
658	458.137402
657.8	459.057205
657.6	459.997772
657.4	460.955012
657.2	461.924499
657	462.901782
656.8	463.878751
656.6	464.857197
656.4	465.835496
656.2	466.812323
656	467.786404
655.8	468.757808
655.6	469.722549
655.4	470.678034
655.2	471.621439
655	472.549774
654.8	473.461635
654.6	474.351723
654.4	475.21672
654.2	476.05385
654	476.861039
653.8	477.633942
653.6	478.376438
653.4	479.088996
653.2	479.771795
653	480.424478
652.8	481.047644
652.6	481.636954
652.4	482.190518
652.2	482.706862
652	483.185078
651.8	483.625985
651.6	484.028679
651.4	484.39296
651.2	484.718714
651	485.00596
650.8	485.252652
650.6	485.462222
650.4	485.636174
650.2	485.776118
650	485.883648
649.8	485.960786
649.6	486.008005
649.4	486.026321
649.2	486.016616
649	485.979639
648.8	485.918523
648.6	485.830378
648.4	485.715081
648.2	485.572918
648	485.404737
647.8	485.207751
647.6	484.990044
647.4	484.754971
647.2	484.505457
647	484.243728
646.8	483.974658
646.6	483.693653
646.4	483.399907
646.2	483.092689
646	482.771564
645.8	482.435397
645.6	482.086394
645.4	481.725491
645.2	481.353691
645	480.971987
644.8	480.580569
644.6	480.181173
644.4	479.77453
644.2	479.361031
644	478.940687
643.8	478.514033
643.6	478.079054
643.4	477.634765
643.2	477.180273
643	476.714884
642.8	476.238186
642.6	475.750058
642.4	475.250621
642.2	474.740206
642	474.219277
641.8	473.688027
641.6	473.147553
641.4	472.597907
641.2	472.03872
641	471.469288
640.8	470.887654
640.6	470.293945
640.4	469.688541
640.2	469.072512
640	468.447504
639.8	467.819008
639.6	467.184881
639.4	466.545268
639.2	465.899918
639	465.248413
638.8	464.585398
638.6	463.917496
638.4	463.247442
638.2	462.578473
638	461.914034
637.8	461.261815
637.6	460.61895
637.4	459.986378
637.2	459.364798
637	458.754879
636.8	458.155494
636.6	457.570588
636.4	457.002605
636.2	456.454425
636	455.929265
635.8	455.430685
635.6	454.962127
635.4	454.52641
635.2	454.125721
635	453.761579
634.8	453.434538
634.6	453.145232
634.4	452.894899
634.2	452.685302
634	452.518743
633.8	452.399927
633.6	452.32954
633.4	452.309226
633.2	452.340136
633	452.422967
632.8	452.555091
632.6	452.74062
632.4	452.980781
632.2	453.276634
632	453.628968
631.8	454.040425
631.6	454.50788
631.4	455.030582
631.2	455.607844
631	456.239132
630.8	456.923677
630.6	457.662017
630.4	458.453797
630.2	459.298392
630	460.194861
629.8	461.141279
629.6	462.136971
629.4	463.180346
629.2	464.269534
629	465.402405
628.8	466.576534
628.6	467.789307
628.4	469.038338
628.2	470.321294
628	471.635832
627.8	472.981501
627.6	474.35314
627.4	475.746942
627.2	477.158833
627	478.584615
626.8	480.016723
626.6	481.455672
626.4	482.898439
626.2	484.341607
626	485.781143
625.8	487.215124
625.6	488.633702
625.4	490.030413
625.2	491.399174
625	492.73455
624.8	494.031111
624.6	495.28644
624.4	496.49617
624.2	497.655265
624	498.757873
623.8	499.796292
623.6	500.764102
623.4	501.654795
623.2	502.462325
623	503.18124
622.8	503.80707
622.6	504.335238
622.4	504.761508
622.2	505.0818
622	505.292132
621.8	505.391539
621.6	505.372261
621.4	505.229958
621.2	504.961075
621	504.563138
620.8	504.028903
620.6	503.367038
620.4	502.580186
620.2	501.670988
620	500.641749
619.8	499.500146
619.6	498.238903
619.4	496.859031
619.2	495.363374
619	493.756902
618.8	492.044249
618.6	490.238541
618.4	488.349244
618.2	486.385485
618	484.355793
617.8	482.267395
617.6	480.128125
617.4	477.946154
617.2	475.730083
617	473.489028
616.8	471.23327
616.6	468.971898
616.4	466.71523
616.2	464.473845
616	462.258311
615.8	460.080962
615.6	457.949052
615.4	455.870195
615.2	453.850984
615	451.897225
614.8	450.009804
614.6	448.199617
614.4	446.47356
614.2	444.838359
614	443.300321
613.8	441.868865
613.6	440.543496
613.4	439.327158
613.2	438.222457
613	437.231785
612.8	436.35701
612.6	435.601076
612.4	434.965162
612.2	434.449611
612	434.054035
611.8	433.774493
611.6	433.613568
611.4	433.571391
611.2	433.648116
611	433.843756
610.8	434.16161
610.6	434.595881
610.4	435.14413
610.2	435.803751
610	436.57211
609.8	437.445439
609.6	438.423193
609.4	439.502851
609.2	440.681508
609	441.955917
608.8	443.320479
608.6	444.77421
608.4	446.314426
608.2	447.938414
608	449.643268
607.8	451.429403
607.6	453.287979
607.4	455.213808
607.2	457.201746
607	459.246871
606.8	461.341955
606.6	463.486712
606.4	465.677254
606.2	467.909057
606	470.176814
605.8	472.474659
605.6	474.794869
605.4	477.13066
605.2	479.475396
605	481.822647
604.8	484.167447
604.6	486.502177
604.4	488.819648
604.2	491.112194
604	493.371646
603.8	495.588724
603.6	497.755191
603.4	499.861913
603.2	501.89953
603	503.858558
602.8	505.727471
602.6	507.499447
602.4	509.165949
602.2	510.718404
602	512.148053
601.8	513.450726
601.6	514.61045
601.4	515.616566
601.2	516.459377
601	517.130632
600.8	517.618229
600.6	517.925664
600.4	518.050624
600.2	517.990811
600	517.7436
599.8	517.310122
599.6	516.680887
599.4	515.853271
599.2	514.826918
599	513.604158
598.8	512.187189
598.6	510.588099
598.4	508.816752
598.2	506.883892
598	504.800675
597.8	502.582168
597.6	500.234273
597.4	497.767116
597.2	495.191412
597	492.518827
596.8	489.756954
596.6	486.927355
596.4	484.047058
596.2	481.133342
596	478.203102
595.8	475.27713
595.6	472.363204
595.4	469.473652
595.2	466.620326
595	463.814815
594.8	461.06633
594.6	458.389691
594.4	455.795734
594.2	453.294044
594	450.892856
593.8	448.598654
593.6	446.417365
593.4	444.35459
593.2	442.41553
593	440.605009
592.8	438.928731
592.6	437.388905
592.4	435.98809
592.2	434.728108
592	433.610072
591.8	432.634062
591.6	431.800457
591.4	431.108358
591.2	430.556161
591	430.141671
590.8	429.861513
590.6	429.713688
590.4	429.695813
590.2	429.805673
590	430.041196
589.8	430.400506
589.6	430.881399
589.4	431.481599
589.2	432.198567
589	433.029388
588.8	433.973162
588.6	435.022854
588.4	436.173033
588.2	437.417939
588	438.751821
587.8	440.164
587.6	441.656709
587.4	443.227875
587.2	444.875774
587	446.5986
586.8	448.400133
586.6	450.26885
586.4	452.198786
586.2	454.183694
586	456.217402
585.8	458.289801
585.6	460.401866
585.4	462.549798
585.2	464.729526
585	466.93649
584.8	469.167288
584.6	471.413302
584.4	473.668166
584.2	475.925708
584	478.180106
583.8	480.424852
583.6	482.656601
583.4	484.870707
583.2	487.062243
583	489.225722
582.8	491.358195
582.6	493.448158
582.4	495.48632
582.2	497.462946
582	499.368371
581.8	501.186444
581.6	502.91828
581.4	504.559724
581.2	506.10744
581	507.558318
580.8	508.918451
580.6	510.170843
580.4	511.306684
580.2	512.316777
580	513.192205
579.8	513.916616
579.6	514.494904
579.4	514.924689
579.2	515.20443
579	515.333093
578.8	515.313384
578.6	515.139508
578.4	514.810584
578.2	514.326762
578	513.689316
577.8	512.902156
577.6	511.966818
577.4	510.886585
577.2	509.665428
577	508.308093
576.8	506.817684
576.6	505.204415
576.4	503.476198
576.2	501.641309
576	499.708312
575.8	497.685373
575.6	495.582108
575.4	493.409073
575.2	491.177576
575	488.899367
574.8	486.590238
574.6	484.256514
574.4	481.90762
574.2	479.552558
574	477.200086
573.8	474.855164
573.6	472.531902
573.4	470.23964
573.2	467.986951
573	465.781551
572.8	463.630725
572.6	461.539465
572.4	459.514337
572.2	457.562188
572	455.690003
571.8	453.907271
571.6	452.217334
571.4	450.623965
571.2	449.129554
571	447.735266
570.8	446.43876
570.6	445.242904
570.4	444.148286
570.2	443.155534
570	442.26539
569.8	441.478034
569.6	440.795214
569.4	440.218188
569.2	439.748066
569	439.38556
568.8	439.135171
568.6	438.990319
568.4	438.947639
568.2	439.003148
568	439.152629
567.8	439.386392
567.6	439.708491
567.4	440.117672
567.2	440.612765
567	441.192441
566.8	441.85854
566.6	442.603753
566.4	443.424724
566.2	444.31822
566	445.281194
565.8	446.310149
565.6	447.403452
565.4	448.557961
565.2	449.770044
565	451.035605
564.8	452.350158
564.6	453.708987
564.4	455.107413
564.2	456.540875
564	458.005066
563.8	459.493657
563.6	461.006067
563.4	462.540172
563.2	464.094009
563	465.665374
562.8	467.257151
562.6	468.858086
562.4	470.461138
562.2	472.058681
562	473.643098
561.8	475.199922
561.6	476.733166
561.4	478.240507
561.2	479.72006
561	481.169829
560.8	482.593709
560.6	483.979173
560.4	485.319847
560.2	486.609266
560	487.841319
559.8	489.006612
559.6	490.106333
559.4	491.137673
559.2	492.09792
559	492.984217
558.8	493.795577
558.6	494.525414
558.4	495.169607
558.2	495.724356
558	496.186447
557.8	496.550739
557.6	496.81936
557.4	496.99296
557.2	497.073051
557	497.061671
556.8	496.966007
556.6	496.781674
556.4	496.508287
556.2	496.14522
556	495.692014
555.8	495.143046
555.6	494.507305
555.4	493.789299
555.2	492.994423
555	492.128643
554.8	491.201321
554.6	490.213993
554.4	489.17208
554.2	488.081285
554	486.947519
553.8	485.777709
553.6	484.576907
553.4	483.34984
553.2	482.100711
553	480.833426
552.8	479.549267
552.6	478.255773
552.4	476.958719
552.2	475.664307
552	474.378956
551.8	473.109748
551.6	471.86178
551.4	470.640433
551.2	469.450471
551	468.295918
550.8	467.182247
550.6	466.108841
550.4	465.076797
550.2	464.086984
550	463.140321
549.8	462.235098
549.6	461.37702
549.4	460.568551
549.2	459.811899
549	459.108861
548.8	458.461065
548.6	457.868439
548.4	457.331757
548.2	456.851723
548	456.428867
547.8	456.066871
547.6	455.761129
547.4	455.509102
547.2	455.307652
547	455.153396
546.8	455.037608
546.6	454.964756
546.4	454.934888
546.2	454.948546
546	455.006442
545.8	455.113236
545.6	455.263429
545.4	455.455027
545.2	455.68558
545	455.952313
544.8	456.251311
544.6	456.580959
544.4	456.938639
544.2	457.321826
544	457.728137
543.8	458.15477
543.6	458.600672
543.4	459.064182
543.2	459.543743
543	460.037906
542.8	460.544169
542.6	461.062668
542.4	461.593036
542.2	462.135029
542	462.688272
541.8	463.256727
541.6	463.832987
541.4	464.413215
541.2	464.993259
541	465.569151
540.8	466.130991
540.6	466.685366
540.4	467.233417
540.2	467.776883
540	468.317658
539.8	468.862237
539.6	469.404886
539.4	469.944436
539.2	470.479403
539	471.008164
538.8	471.528197
538.6	472.039551
538.4	472.541007
538.2	473.031398
538	473.509723
537.8	473.973451
537.6	474.424547
537.4	474.863918
537.2	475.292887
537	475.71304
536.8	476.126758
536.6	476.534617
536.4	476.937602
536.2	477.336269
536	477.73064
535.8	478.123736
535.6	478.509711
535.4	478.885846
535.2	479.249537
535	479.598733
534.8	479.924601
534.6	480.237521
534.4	480.541066
534.2	480.839066
534	481.135006
533.8	481.439832
533.6	481.743565
533.4	482.043642
533.2	482.336937
533	482.620231
532.8	482.885306
532.6	483.137338
532.4	483.376374
532.2	483.602697
532	483.816626
531.8	484.020021
531.6	484.210382
531.4	484.38697
531.2	484.548982
531	484.695591
530.8	484.825374
530.6	484.938288
530.4	485.033718
530.2	485.11097
530	485.169177
529.8	485.209957
529.6	485.22835
529.4	485.221335
529.2	485.185616
529	485.117931
528.8	485.009599
528.6	484.865898
528.4	484.687781
528.2	484.476919
528	484.235282
527.8	483.97112
527.6	483.677046
527.4	483.35106
527.2	482.990595
527	482.592848
526.8	482.151692
526.6	481.669732
526.4	481.146527
526.2	480.582135
526	479.977096
525.8	479.331409
525.6	478.647618
525.4	477.927939
525.2	477.174876
525	476.391027
524.8	475.581642
524.6	474.745159
524.4	473.882885
524.2	472.996215
524	472.086723
523.8	471.156262
523.6	470.207361
523.4	469.241713
523.2	468.260922
523	467.266741
522.8	466.256647
522.6	465.239318
522.4	464.22065
522.2	463.207296
522	462.206115
521.8	461.230222
521.6	460.276454
521.4	459.346759
521.2	458.44225
521	457.563626
520.8	456.707614
520.6	455.880795
520.4	455.086234
520.2	454.327459
520	453.608379
519.8	452.932563
519.6	452.305027
519.4	451.730279
519.2	451.212553
519	450.755561
518.8	450.365209
518.6	450.039643
518.4	449.77929
518.2	449.584119
518	449.45386
517.8	449.387336
517.6	449.385754
517.4	449.449164
517.2	449.577641
517	449.771371
516.8	450.026856
516.6	450.34971
516.4	450.742268
516.2	451.206762
516	451.744888
515.8	452.364843
515.6	453.056089
515.4	453.814386
515.2	454.634967
515	455.513111
514.8	456.437697
514.6	457.415273
514.4	458.44553
514.2	459.528228
514	460.66281
513.8	461.851338
513.6	463.086856
513.4	464.366002
513.2	465.685316
513	467.041353
512.8	468.430641
512.6	469.85026
512.4	471.296464
512.2	472.765079
512	474.251464
511.8	475.751174
511.6	477.257919
511.4	478.76564
511.2	480.268216
511	481.759736
510.8	483.230317
510.6	484.680788
510.4	486.108627
510.2	487.511493
510	488.886667
509.8	490.238294
509.6	491.551171
509.4	492.816298
509.2	494.024039
509	495.164814
508.8	496.222274
508.6	497.199024
508.4	498.091262
508.2	498.895946
508	499.61041
507.8	500.235505
507.6	500.763345
507.4	501.189931
507.2	501.511441
507	501.724315
506.8	501.826503
506.6	501.813728
506.4	501.682646
506.2	501.430219
506	501.05399
505.8	500.549495
505.6	499.920137
505.4	499.167906
505.2	498.295998
505	497.308626
504.8	496.211353
504.6	495.008868
504.4	493.70701
504.2	492.311953
504	490.830067
503.8	489.270331
503.6	487.63584
503.4	485.932426
503.2	484.16636
503	482.344544
502.8	480.472409
502.6	478.561849
502.4	476.622279
502.2	474.663162
502	472.693875
501.8	470.722031
501.6	468.758294
501.4	466.812655
501.2	464.895007
501	463.014761
500.8	461.185905
500.6	459.408797
500.4	457.687576
500.2	456.025651
500	454.42623
499.8	452.886739
499.6	451.419522
499.4	450.031225
499.2	448.728442
499	447.517271
498.8	446.40671
498.6	445.39558
498.4	444.485649
498.2	443.677877
498	442.972617
497.8	442.36827
497.6	441.866618
497.4	441.467857
497.2	441.172108
497	440.979371
496.8	440.891333
496.6	440.905185
496.4	441.019143
496.2	441.231011
496	441.53839
495.8	441.934287
495.6	442.422563
495.4	443.003389
495.2	443.677093
495	444.443702
494.8	445.30971
494.6	446.263654
494.4	447.299637
494.2	448.410985
494	449.590882
493.8	450.826158
493.6	452.120819
493.4	453.473209
493.2	454.882377
493	456.347599
492.8	457.870817
492.6	459.446152
492.4	461.069963
492.2	462.737786
492	464.444397
491.8	466.1858
491.6	467.953206
491.4	469.739519
491.2	471.537868
491	473.341906
490.8	475.142389
490.6	476.939771
490.4	478.730601
490.2	480.511183
490	482.277246
489.8	484.024717
489.6	485.745674
489.4	487.43387
489.2	489.083064
489	490.687061
488.8	492.243044
488.6	493.740748
488.4	495.172106
488.2	496.52886
488	497.802907
487.8	498.981651
487.6	500.065031
487.4	501.048982
487.2	501.930027
487	502.705013
486.8	503.372895
486.6	503.927497
486.4	504.365117
486.2	504.682257
486	504.875646
485.8	504.945636
485.6	504.885177
485.4	504.690677
485.2	504.359367
485	503.889734
484.8	503.275474
484.6	502.527452
484.4	501.651279
484.2	500.653406
484	499.54062
483.8	498.323572
483.6	497.002792
483.4	495.58394
483.2	494.073282
483	492.477725
482.8	490.806925
482.6	489.066511
482.4	487.263307
482.2	485.404236
482	483.496655
481.8	481.542633
481.6	479.559455
481.4	477.559388
481.2	475.554912
481	473.558071
480.8	471.584355
480.6	469.636966
480.4	467.723111
480.2	465.849324
480	464.021697
479.8	462.24637
479.6	460.528985
479.4	458.874601
479.2	457.288017
479	455.773913
478.8	454.333786
478.6	452.97668
478.4	451.708047
478.2	450.532662
478	449.454377
477.8	448.477353
477.6	447.600994
477.4	446.826275
477.2	446.153884
477	445.584233
476.8	445.120861
476.6	444.759194
476.4	444.496606
476.2	444.329926
476	444.255861
475.8	444.264016
475.6	444.361835
475.4	444.550508
475.2	444.831496
475	445.205931
474.8	445.681615
474.6	446.247184
474.4	446.8974
474.2	447.626128
474	448.426877
473.8	449.289085
473.6	450.212912
473.4	451.195076
473.2	452.232949
473	453.324334
472.8	454.467587
472.6	455.660031
472.4	456.898647
472.2	458.17974
472	459.498922
471.8	460.85196
471.6	462.231977
471.4	463.633575
471.2	465.051671
471	466.481534
470.8	467.920164
470.6	469.361866
470.4	470.801163
470.2	472.232215
470	473.649036
469.8	475.041242
469.6	476.409124
469.4	477.749733
469.2	479.060538
469	480.339043
468.8	481.587324
468.6	482.795257
468.4	483.956971
468.2	485.066297
468	486.117096
467.8	487.101732
467.6	488.017683
467.4	488.860856
467.2	489.62773
467	490.31542
466.8	490.919796
466.6	491.44181
466.4	491.881313
466.2	492.238551
466	492.513895
465.8	492.710478
465.6	492.824381
465.4	492.854378
465.2	492.799254
465	492.65804
464.8	492.43007
464.6	492.115846
464.4	491.716634
464.2	491.234776
464	490.673746
463.8	490.034474
463.6	489.32751
463.4	488.559696
463.2	487.737576
463	486.867021
462.8	485.957778
462.6	485.006931
462.4	484.017072
462.2	482.991267
462	481.93337
461.8	480.846215
461.6	479.738808
461.4	478.617223
461.2	477.487277
461	476.354448
460.8	475.221773
460.6	474.096539
460.4	472.98479
460.2	471.892539
460	470.82548
459.8	469.792217
459.6	468.792326
459.4	467.827938
459.2	466.900616
459	466.011645
458.8	465.1611
458.6	464.35217
458.4	463.587007
458.2	462.868076
458	462.198128
457.8	461.577943
457.6	461.013599
457.4	460.508057
457.2	460.063168
457	459.679447
456.8	459.359227
456.6	459.095671
456.4	458.886115
456.2	458.728542
456	458.621831
455.8	458.564721
455.6	458.55991
455.4	458.607461
455.2	458.706665
455	458.856004
454.8	459.051281
454.6	459.292258
454.4	459.577666
454.2	459.90647
454	460.277703
453.8	460.693176
453.6	461.147382
453.4	461.637195
453.2	462.15919
453	462.709822
452.8	463.285006
452.6	463.882524
452.4	464.499365
452.2	465.132654
452	465.779734
451.8	466.435128
451.6	467.100822
451.4	467.776073
451.2	468.459972
451	469.151092
450.8	469.851837
450.6	470.552479
450.4	471.247921
450.2	471.933222
450	472.604007
449.8	473.254764
449.6	473.88631
449.4	474.496767
449.2	475.084231
449	475.646701
448.8	476.179252
448.6	476.683049
448.4	477.157608
448.2	477.602587
448	478.01748
447.8	478.407015
447.6	478.761913
447.4	479.078048
447.2	479.35141
447	479.578604
446.8	479.753272
446.6	479.879927
446.4	479.959442
446.2	479.993161
446	479.982675
445.8	479.928916
445.6	479.834314
445.4	479.70071
445.2	479.529616
445	479.322055
444.8	479.082852
444.6	478.805763
444.4	478.489597
444.2	478.134005
444	477.739841
443.8	477.305236
443.6	476.839867
443.4	476.34852
443.2	475.835622
443	475.304968
442.8	474.760111
442.6	474.202101
442.4	473.633694
442.2	473.057965
442	472.478225
441.8	471.900696
441.6	471.325054
441.4	470.753037
441.2	470.186273
441	469.626548
440.8	469.073628
440.6	468.53378
440.4	468.010593
440.2	467.507546
440	467.027864
439.8	466.572836
439.6	466.146777
439.4	465.752835
439.2	465.393698
439	465.071304
438.8	464.791606
438.6	464.547786
438.4	464.337977
438.2	464.160837
438	464.016044
437.8	463.899879
437.6	463.821509
437.4	463.784057
437.2	463.789527
437	463.838438
436.8	463.931226
436.6	464.063206
436.4	464.232465
436.2	464.43759
436	464.677686
435.8	464.953628
435.6	465.2633
435.4	465.604828
435.2	465.975821
435	466.373559
434.8	466.793643
434.6	467.23578
434.4	467.698275
434.2	468.179573
434	468.678156
433.8	469.191378
433.6	469.718656
433.4	470.258528
433.2	470.809204
433	471.368343
432.8	471.937001
432.6	472.505766
432.4	473.069091
432.2	473.621852
432	474.159911
431.8	474.676248
431.6	475.175771
431.4	475.658658
431.2	476.124688
431	476.57278
430.8	477.001749
430.6	477.406085
430.4	477.782342
430.2	478.127406
430	478.438685
429.8	478.716767
429.6	478.956871
429.4	479.156489
429.2	479.313481
429	479.426266
428.8	479.49051
428.6	479.511005
428.4	479.489076
428.2	479.425953
428	479.322521
427.8	479.180936
427.6	478.998425
427.4	478.774459
427.2	478.508789
427	478.201611
426.8	477.853745
426.6	477.46642
426.4	477.041519
426.2	476.581477
426	476.08918
425.8	475.567979
425.6	475.021355
425.4	474.452056
425.2	473.862433
425	473.254562
424.8	472.627748
424.6	471.987312
424.4	471.337286
424.2	470.682162
424	470.026534
423.8	469.380492
423.6	468.740157
423.4	468.106358
423.2	467.47977
423	466.861435
422.8	466.246547
422.6	465.647292
422.4	465.069353
422.2	464.518114
422	463.998072
421.8	463.516821
421.6	463.069699
421.4	462.656709
421.2	462.277875
421	461.933585
420.8	461.623516
420.6	461.351318
420.4	461.118911
420.2	460.928121
420	460.78055
419.8	460.677898
419.6	460.620599
419.4	460.609041
419.2	460.643206
419	460.722745
418.8	460.844555
418.6	461.011174
418.4	461.222975
418.2	461.480258
418	461.783044
417.8	462.136368
417.6	462.531695
417.4	462.965616
417.2	463.434784
417	463.936325
416.8	464.46152
416.6	465.018522
416.4	465.608569
416.2	466.23251
416	466.89032
415.8	467.585504
415.6	468.308449
415.4	469.0546
415.2	469.819423
415	470.59878
414.8	471.388311
414.6	472.186989
414.4	472.992364
414.2	473.802023
414	474.613525
413.8	475.42213
413.6	476.228138
413.4	477.029773
413.2	477.824967
413	478.611177
412.8	479.387546
412.6	480.146924
412.4	480.884697
412.2	481.596459
412	482.278245
411.8	482.927089
411.6	483.539984
411.4	484.114069
411.2	484.646711
411	485.135523
410.8	485.575613
410.6	485.968916
410.4	486.314416
410.2	486.610676
410	486.855661
409.8	487.048921
409.6	487.183741
409.4	487.257099
409.2	487.267084
409	487.213067
408.8	487.096153
408.6	486.917767
408.4	486.678725
408.2	486.379498
408	486.020245
407.8	485.598689
407.6	485.117863
407.4	484.579553
407.2	483.986125
407	483.340416
406.8	482.646746
406.6	481.906669
406.4	481.12327
406.2	480.299839
406	479.439824
405.8	478.549084
405.6	477.62837
405.4	476.680397
405.2	475.708101
405	474.714903
404.8	473.699476
404.6	472.674211
404.4	471.646338
404.2	470.622811
404	469.609759
403.8	468.617804
403.6	467.642267
403.4	466.68439
403.2	465.745624
403	464.828132
402.8	463.931893
402.6	463.066195
402.4	462.236339
402.2	461.447232
402	460.703026
401.8	460.007632
401.6	459.361973
401.4	458.767621
401.2	458.225774
401	457.7374
400.8	457.302292
400.6	456.922611
400.4	456.599752
400.2	456.335171
400	456.130241
399.8	455.989871
399.6	455.909806
399.4	455.88864
399.2	455.924593
399	456.015809
398.8	456.154562
398.6	456.347889
398.4	456.596774
398.2	456.901849
398	457.263014
397.8	457.685042
397.6	458.157368
397.4	458.675405
397.2	459.23466
397	459.831132
396.8	460.457776
396.6	461.11773
396.4	461.810115
396.2	462.533955
396	463.28785
395.8	464.071543
395.6	464.879577
395.4	465.707731
395.2	466.551325
395	467.405494
394.8	468.263936
394.6	469.124123
394.4	469.982974
394.2	470.83797
394	471.686947
393.8	472.530859
393.6	473.363698
393.4	474.181387
393.2	474.979431
393	475.753189
392.8	476.493505
392.6	477.202479
392.4	477.878258
392.2	478.519156
392	479.123367
391.8	479.692832
391.6	480.219138
391.4	480.69862
391.2	481.128287
391	481.506069
390.8	481.830192
390.6	482.101977
390.4	482.321079
390.2	482.486862
390	482.598401
389.8	482.651894
389.6	482.64969
389.4	482.592673
389.2	482.482316
389	482.320529
388.8	482.112582
388.6	481.856316
388.4	481.552857
388.2	481.203618
388	480.810427
387.8	480.374933
387.6	479.901133
387.4	479.392451
387.2	478.852576
387	478.285375
386.8	477.693183
386.6	477.082382
386.4	476.457076
386.2	475.820843
386	475.176718
385.8	474.528892
385.6	473.876892
385.4	473.223466
385.2	472.572271
385	471.927812
384.8	471.296013
384.6	470.681945
384.4	470.089272
384.2	469.520483
384	468.976987
383.8	468.455664
383.6	467.961018
383.4	467.495216
383.2	467.060796
383	466.660481
382.8	466.301465
382.6	465.980081
382.4	465.696598
382.2	465.451124
382	465.243792
381.8	465.072527
381.6	464.941238
381.4	464.850678
381.2	464.801027
381	464.791822
380.8	464.821571
380.6	464.889142
380.4	464.993116
380.2	465.131935
380	465.303952
379.8	465.507915
379.6	465.741179
379.4	466.00242
379.2	466.290768
379	466.605653
378.8	466.9487
378.6	467.316666
378.4	467.706555
378.2	468.11444
378	468.5359
377.8	468.961815
377.6	469.394703
377.4	469.833531
377.2	470.277651
377	470.726296
376.8	471.183036
376.6	471.638502
376.4	472.088268
376.2	472.528146
376	472.954694
375.8	473.362722
375.6	473.755492
375.4	474.132496
375.2	474.49265
375	474.833972
374.8	475.15366
374.6	475.446804
374.4	475.710395
374.2	475.942325
374	476.141487
373.8	476.309319
373.6	476.444084
373.4	476.54536
373.2	476.612841
373	476.646339
372.8	476.646629
372.6	476.612911
372.4	476.544477
372.2	476.440386
372	476.299706
371.8	476.117417
371.6	475.899455
371.4	475.648568
371.2	475.368014
371	475.061047
370.8	474.736492
370.6	474.387605
370.4	474.013988
370.2	473.615723
370	473.193928
369.8	472.747171
369.6	472.285687
369.4	471.814858
369.2	471.33946
369	470.863135
368.8	470.389874
368.6	469.917626
368.4	469.446921
368.2	468.978736
368	468.514873
367.8	468.057058
367.6	467.61098
367.4	467.181157
367.2	466.77217
367	466.388333
366.8	466.035876
366.6	465.714672
366.4	465.42573
366.2	465.16911
366	464.944239
365.8	464.745141
365.6	464.577798
365.4	464.44458
365.2	464.348576
365	464.293231
364.8	464.288151
364.6	464.327757
364.4	464.411586
364.2	464.538564
364	464.707325
363.8	464.912528
363.6	465.158922
363.4	465.446698
363.2	465.775702
363	466.145307
362.8	466.554422
362.6	467.000923
362.4	467.483335
362.2	468.000262
362	468.550351
361.8	469.134377
361.6	469.747873
361.4	470.388386
361.2	471.053416
361	471.740467
360.8	472.44607
360.6	473.16949
360.4	473.907722
360.2	474.657041
360	475.413091
359.8	476.168609
359.6	476.921291
359.4	477.668042
359.2	478.406451
359	479.134573
358.8	479.855962
358.6	480.561846
358.4	481.247287
358.2	481.906793
358	482.534654
357.8	483.11998
357.6	483.66487
357.4	484.166569
357.2	484.62242
357	485.029616
356.8	485.387503
356.6	485.688875
356.4	485.929722
356.2	486.106557
356	486.216589
355.8	486.258269
355.6	486.229755
355.4	486.129754
355.2	485.957316
355	485.7118
354.8	485.392491
354.6	485.000161
354.4	484.534634
354.2	483.995596
354	483.38278
353.8	482.693136
353.6	481.930982
353.4	481.100033
353.2	480.205393
353	479.253095
352.8	478.25621
352.6	477.212155
352.4	476.123785
352.2	474.993674
352	473.824607
351.8	472.613223
351.6	471.373717
351.4	470.113772
351.2	468.841158
351	467.563261
350.8	466.290678
350.6	465.023188
350.4	463.76535
350.2	462.522117
350	461.299068
349.8	460.101276
349.6	458.937753
349.4	457.815214
349.2	456.739631
349	455.715996
348.8	454.749293
348.6	453.840759
348.4	452.992499
348.2	452.206412
348	451.484464
347.8	450.82559
347.6	450.236824
347.4	449.722262
347.2	449.285944
347	448.931485
346.8	448.667298
346.6	448.487738
346.4	448.391597
346.2	448.377037
346	448.441992
345.8	448.578927
345.6	448.794093
345.4	449.088085
345.2	449.461328
345	449.913827
344.8	450.448109
344.6	451.058238
344.4	451.741751
344.2	452.496212
344	453.319314
343.8	454.20879
343.6	455.163027
343.4	456.179583
343.2	457.255668
343	458.388171
342.8	459.572499
342.6	460.806724
342.4	462.087575
342.2	463.411593
342	464.775116
341.8	466.174838
341.6	467.60582
341.4	469.063992
341.2	470.545432
341	472.046377
340.8	473.563409
340.6	475.092703
340.4	476.630363
340.2	478.172225
340	479.71377
339.8	481.250737
339.6	482.777023
339.4	484.286453
339.2	485.772497
339	487.228517
338.8	488.644873
338.6	490.0194
338.4	491.348266
338.2	492.628417
338	493.857251
337.8	495.037655
337.6	496.159879
337.4	497.217852
337.2	498.204622
337	499.112699
336.8	499.929002
336.6	500.653429
336.4	501.281878
336.2	501.811202
336	502.239072
335.8	502.566959
335.6	502.78926
335.4	502.903725
335.2	502.908426
335	502.80182
334.8	502.582126
334.6	502.249711
334.4	501.804707
334.2	501.247706
334	500.57973
333.8	499.80313
333.6	498.918744
333.4	497.928085
333.2	496.832963
333	495.635773
332.8	494.335363
332.6	492.941667
332.4	491.462846
332.2	489.908396
332	488.288422
331.8	486.620989
331.6	484.904534
331.4	483.143487
331.2	481.341407
331	479.50172
330.8	477.620392
330.6	475.713721
330.4	473.791244
330.2	471.863225
330	469.94008
329.8	468.035797
329.6	466.153787
329.4	464.301206
329.2	462.484663
329	460.710288
328.8	458.98439
328.6	457.31174
328.4	455.696963
328.2	454.144359
328	452.65803
327.8	451.23999
327.6	449.897051
327.4	448.633475
327.2	447.45301
327	446.358809
326.8	445.353304
326.6	444.438299
326.4	443.616104
326.2	442.889111
326	442.259688
325.8	441.733104
325.6	441.307241
325.4	440.981548
325.2	440.754635
325	440.62452
324.8	440.585017
324.6	440.639146
324.4	440.786431
324.2	441.026547
324	441.359185
323.8	441.785443
323.6	442.302318
323.4	442.90863
323.2	443.60316
323	444.38456
322.8	445.253448
322.6	446.205102
322.4	447.235792
322.2	448.341192
322	449.516671
321.8	450.75363
321.6	452.053156
321.4	453.412834
321.2	454.830468
321	456.303886
320.8	457.832558
320.6	459.410951
320.4	461.035884
320.2	462.704173
320	464.412508
319.8	466.160012
319.6	467.939493
319.4	469.744625
319.2	471.568268
319	473.402881
318.8	475.235096
318.6	477.065548
318.4	478.890434
318.2	480.706532
318	482.510771
317.8	484.305005
317.6	486.078098
317.4	487.823318
317.2	489.533373
317	491.200635
316.8	492.815752
316.6	494.37348
316.4	495.866627
316.2	497.287993
316	498.630454
315.8	499.885383
315.6	501.048269
315.4	502.113503
315.2	503.075791
315	503.930067
314.8	504.673019
314.6	505.297529
314.4	505.799078
314.2	506.173983
314	506.419404
313.8	506.535592
313.6	506.518507
313.4	506.365101
313.2	506.072069
313	505.636261
312.8	505.048357
312.6	504.315924
312.4	503.443085
312.2	502.43605
312	501.302514
311.8	500.058775
311.6	498.702707
311.4	497.239182
311.2	495.672894
311	494.008783
310.8	492.247984
310.6	490.403598
310.4	488.48487
310.2	486.501679
310	484.464273
309.8	482.383606
309.6	480.269039
309.4	478.130581
309.2	475.978119
309	473.821396
308.8	471.66983
308.6	469.532785
308.4	467.419965
308.2	465.340986
308	463.305111
307.8	461.324046
307.6	459.401795
307.4	457.543259
307.2	455.752175
307	454.031552
306.8	452.378486
306.6	450.803215
306.4	449.311574
306.2	447.909759
306	446.603893
305.8	445.404624
305.6	444.309839
305.4	443.320951
305.2	442.438231
305	441.661032
304.8	440.986398
304.6	440.414924
304.4	439.94532
304.2	439.576225
304	439.306353
303.8	439.132634
303.6	439.056704
303.4	439.078718
303.2	439.198921
303	439.417381
302.8	439.736829
302.6	440.152116
302.4	440.660227
302.2	441.257482
302	441.939758
301.8	442.701574
301.6	443.540232
301.4	444.45217
301.2	445.434146
301	446.483262
300.8	447.595132
300.6	448.769927
300.4	450.005885
300.2	451.300991
300	452.652794
299.8	454.061194
299.6	455.518375
299.4	457.019683
299.2	458.560559
299	460.136675
298.8	461.742779
298.6	463.377256
298.4	465.03623
298.2	466.715362
298	468.409888
297.8	470.113473
297.6	471.822162
297.4	473.531905
297.2	475.239169
297	476.940822
296.8	478.635719
296.6	480.318743
296.4	481.985627
296.2	483.631471
296	485.250744
295.8	486.837636
295.6	488.385199
295.4	489.886937
295.2	491.336684
295	492.728851
294.8	494.055738
294.6	495.317336
294.4	496.511018
294.2	497.634213
294	498.684092
293.8	499.660687
293.6	500.555274
293.4	501.362887
293.2	502.078916
293	502.699341
292.8	503.220035
292.6	503.640105
292.4	503.957101
292.2	504.168507
292	504.271836
291.8	504.262135
291.6	504.140836
291.4	503.908963
291.2	503.568949
291	503.12436
290.8	502.583359
290.6	501.945489
290.4	501.213184
290.2	500.388456
290	499.473055
289.8	498.467926
289.6	497.376343
289.4	496.201355
289.2	494.946809
289	493.617524
288.8	492.215277
288.6	490.752446
288.4	489.238364
288.2	487.68267
288	486.094712
287.8	484.488958
287.6	482.864516
287.4	481.225779
287.2	479.576691
287	477.921153
286.8	476.261012
286.6	474.604755
286.4	472.9579
286.2	471.325985
286	469.714577
285.8	468.125834
285.6	466.569728
285.4	465.053558
285.2	463.584385
285	462.168546
284.8	460.817631
284.6	459.52675
284.4	458.296236
284.2	457.125795
284	456.015015
283.8	454.959401
283.6	453.965694
283.4	453.036129
283.2	452.172986
283	451.378413
282.8	450.654125
282.6	450.001579
282.4	449.422144
282.2	448.9168
282	448.486011
281.8	448.132756
281.6	447.851931
281.4	447.64118
281.2	447.497994
281	447.419926
280.8	447.402604
280.6	447.447371
280.4	447.55286
280.2	447.717508
280	447.939572
279.8	448.215684
279.6	448.545684
279.4	448.928971
279.2	449.365289
279	449.854447
278.8	450.400058
278.6	450.995863
278.4	451.638303
278.2	452.323097
278	453.045581
277.8	453.798529
277.6	454.581133
277.4	455.390694
277.2	456.225132
277	457.082939
276.8	457.961012
276.6	458.861308
276.4	459.783882
276.2	460.728505
276	461.694328
275.8	462.685497
275.6	463.691246
275.4	464.706283
275.2	465.725326
275	466.743622
274.8	467.751761
274.6	468.75509
274.4	469.753273
274.2	470.746059
274	471.732963
273.8	472.71471
273.6	473.68692
273.4	474.64784
273.2	475.595962
273	476.530011
272.8	477.45124
272.6	478.355788
272.4	479.240924
272.2	480.103447
272	480.939896
271.8	481.74381
271.6	482.515892
271.4	483.254906
271.2	483.960352
271	484.632387
270.8	485.271407
270.6	485.878762
270.4	486.455289
270.2	487.001393
270	487.516803
269.8	488.004791
269.6	488.457446
269.4	488.871058
269.2	489.242105
269	489.567707
268.8	489.840585
268.6	490.067548
268.4	490.250225
268.2	490.39043
268	490.489828
267.8	490.551768
267.6	490.573728
267.4	490.555779
267.2	490.498005
267	490.400501
266.8	490.266043
266.6	490.091154
266.4	489.874224
266.2	489.613461
266	489.30719
265.8	488.949336
265.6	488.545824
265.4	488.098573
265.2	487.609968
265	487.082579
264.8	486.521551
264.6	485.925245
264.4	485.2948
264.2	484.631262
264	483.935596
263.8	483.209698
263.6	482.453256
263.4	481.666418
263.2	480.849229
263	480.001823
262.8	479.122679
262.6	478.215325
262.4	477.281865
262.2	476.324869
262	475.347304
261.8	474.350997
261.6	473.341079
261.4	472.321753
261.2	471.297075
261	470.270614
260.8	469.251699
260.6	468.233533
260.4	467.214794
260.2	466.194044
260	465.170415
259.8	464.135218
259.6	463.10257
259.4	462.078709
259.2	461.070327
259	460.083844
258.8	459.131495
258.6	458.208024
258.4	457.314436
258.2	456.451241
258	455.618814
257.8	454.815658
257.6	454.045797
257.4	453.310947
257.2	452.612942
257	451.953718
256.8	451.334449
256.6	450.758373
256.4	450.228166
256.2	449.746567
256	449.316269
255.8	448.939809
255.6	448.619374
255.4	448.35679
255.2	448.153404
255	448.010029
254.8	447.929981
254.6	447.908881
254.4	447.945276
254.2	448.037869
254	448.185813
253.8	448.38373
253.6	448.639358
253.4	448.955276
253.2	449.333908
253	449.777158
252.8	450.290563
252.6	450.867936
252.4	451.507459
252.2	452.207103
252	452.964858
251.8	453.777483
251.6	454.645664
251.4	455.568104
251.2	456.543354
251	457.56984
250.8	458.644554
250.6	459.767488
250.4	460.937829
250.2	462.154901
250	463.41801
249.8	464.727744
249.6	466.080849
249.4	467.475015
249.2	468.907453
249	470.374925
248.8	471.874789
248.6	473.401882
248.4	474.951707
248.2	476.519764
248	478.101748
247.8	479.690438
247.6	481.286786
247.4	482.888621
247.2	484.493627
247	486.099039
246.8	487.704118
246.6	489.300497
246.4	490.882453
246.2	492.444014
246	493.97912
245.8	495.481997
245.6	496.946743
245.4	498.36681
245.2	499.735306
245	501.045109
244.8	502.286522
244.6	503.455574
244.4	504.546745
244.2	505.55503
244	506.475812
243.8	507.3059
243.6	508.039341
243.4	508.670831
243.2	509.19459
243	509.604344
242.8	509.896552
242.6	510.060022
242.4	510.087261
242.2	509.97179
242	509.708658
241.8	509.287639
241.6	508.717633
241.4	508.001494
241.2	507.142792
241	506.14517
240.8	505.019328
240.6	503.75729
240.4	502.359086
240.2	500.825404
240	499.158158
239.8	497.357139
239.6	495.433489
239.4	493.395438
239.2	491.252361
239	489.014484
238.8	486.692441
238.6	484.297532
238.4	481.841304
238.2	479.335425
238	476.791562
237.8	474.221448
237.6	471.636002
237.4	469.046919
237.2	466.46594
237	463.904646
236.8	461.378188
236.6	458.892227
236.4	456.454863
236.2	454.073688
236	451.756222
235.8	449.502657
235.6	447.331677
235.4	445.254525
235.2	443.281803
235	441.422779
234.8	439.691682
234.6	438.084187
234.4	436.60206
234.2	435.246367
234	434.017954
233.8	432.915496
233.6	431.943795
233.4	431.104506
233.2	430.398951
233	429.828086
232.8	429.390743
232.6	429.089424
232.4	428.924774
232.2	428.896979
232	429.005616
231.8	429.251627
231.6	429.630117
231.4	430.137937
231.2	430.771586
231	431.527344
230.8	432.402558
230.6	433.391971
230.4	434.491256
230.2	435.696233
230	437.003047
229.8	438.403124
229.6	439.900599
229.4	441.494493
229.2	443.18348
229	444.965457
228.8	446.843666
228.6	448.804498
228.4	450.840724
228.2	452.945068
228	455.110653
227.8	457.327809
227.6	459.596651
227.4	461.912996
227.2	464.272464
227	466.670318
226.8	469.099721
226.6	471.55673
226.4	474.03667
226.2	476.534829
226	479.046216
225.8	481.570144
225.6	484.093938
225.4	486.608529
225.2	489.104264
225	491.571295
224.8	493.996549
224.6	496.375595
224.4	498.700721
224.2	500.964424
224	503.159291
223.8	505.27666
223.6	507.310429
223.4	509.253428
223.2	511.098112
223	512.836352
222.8	514.46392
222.6	515.964894
222.4	517.32813
222.2	518.543099
222	519.600409
221.8	520.488775
221.6	521.207161
221.4	521.751068
221.2	522.116431
221	522.29948
220.8	522.295205
220.6	522.102111
220.4	521.719508
220.2	521.148137
220	520.389991
219.8	519.453911
219.6	518.335832
219.4	517.037464
219.2	515.561274
219	513.910938
218.8	512.086183
218.6	510.102111
218.4	507.969702
218.2	505.701186
218	503.309604
217.8	500.809747
217.6	498.212936
217.4	495.532516
217.2	492.781915
217	489.974489
216.8	487.125584
216.6	484.245066
216.4	481.344547
216.2	478.435431
216	475.529059
215.8	472.635391
215.6	469.768075
215.4	466.938686
215.2	464.158382
215	461.437809
214.8	458.784283
214.6	456.210708
214.4	453.726896
214.2	451.34159
214	449.062138
213.8	446.900591
213.6	444.852344
213.4	442.918268
213.2	441.098939
213	439.395226
212.8	437.802132
212.6	436.331413
212.4	434.987681
212.2	433.774961
212	432.696224
211.8	431.757246
211.6	430.952152
211.4	430.278969
211.2	429.735259
211	429.318425
210.8	429.024206
210.6	428.852718
210.4	428.802187
210.2	428.870833
210	429.05681
209.8	429.359325
209.6	429.774706
209.4	430.300329
209.2	430.933513
209	431.671593
208.8	432.509393
208.6	433.44787
208.4	434.485269
208.2	435.619518
208	436.848052
207.8	438.172093
207.6	439.581723
207.4	441.071407
207.2	442.635785
207	444.270006
206.8	445.965055
206.6	447.72459
206.4	449.547397
206.2	451.432194
206	453.377235
205.8	455.383589
205.6	457.442645
205.4	459.549047
205.2	461.697078
205	463.880943
204.8	466.093265
204.6	468.331206
204.4	470.590344
204.2	472.86639
204	475.155027
203.8	477.453169
203.6	479.754168
203.4	482.052034
203.2	484.340296
203	486.612138
202.8	488.857343
202.6	491.072972
202.4	493.253493
202.2	495.393381
202	497.486841
201.8	499.532891
201.6	501.517361
201.4	503.4304
201.2	505.261808
201	507.001513
200.8	508.634795
200.6	510.160143
200.4	511.571555
200.2	512.863527
200	514.030762
199.8	515.06995
199.6	515.972632
199.4	516.732391
199.2	517.342724
199	517.797172
198.8	518.091239
198.6	518.216676
198.4	518.168247
198.2	517.942226
198	517.536681
197.8	516.94908
197.6	516.185141
197.4	515.248353
197.2	514.142817
197	512.873049
196.8	511.44334
196.6	509.859324
196.4	508.127839
196.2	506.256782
196	504.254961
195.8	502.13647
195.6	499.905232
195.4	497.570078
195.2	495.140644
195	492.627634
194.8	490.037444
194.6	487.39113
194.4	484.704016
194.2	481.991089
194	479.266472
193.8	476.545921
193.6	473.83653
193.4	471.148406
193.2	468.491328
193	465.874924
192.8	463.308998
192.6	460.802981
192.4	458.365787
192.2	456.005841
192	453.730997
191.8	451.548186
191.6	449.464461
191.4	447.485275
191.2	445.615063
191	443.857362
190.8	442.211877
190.6	440.684671
190.4	439.279134
190.2	437.998313
190	436.844644
189.8	435.82661
189.6	434.935518
189.4	434.168552
189.2	433.522605
189	432.994784
188.8	432.574965
188.6	432.272571
188.4	432.088885
188.2	432.024728
188	432.080029
187.8	432.258757
187.6	432.55092
187.4	432.951929
187.2	433.457124
187	434.062063
186.8	434.761253
186.6	435.553315
186.4	436.435251
186.2	437.404162
186	438.457185
185.8	439.591052
185.6	440.803428
185.4	442.091217
185.2	443.451024
185	444.879165
184.8	446.370731
184.6	447.922693
184.4	449.531529
184.2	451.193762
184	452.905829
183.8	454.668146
183.6	456.471041
183.4	458.30848
183.2	460.174446
183	462.063298
182.8	463.963617
182.6	465.880176
182.4	467.811459
182.2	469.755727
182	471.710496
181.8	473.677624
181.6	475.644185
181.4	477.602834
181.2	479.546216
181	481.467407
180.8	483.358767
180.6	485.217607
180.4	487.03921
180.2	488.818936
180	490.552139
179.8	492.231339
179.6	493.855263
179.4	495.420304
179.2	496.922673
179	498.358162
178.8	499.726129
178.6	501.015432
178.4	502.219196
178.2	503.33093
178	504.344905
177.8	505.254265
177.6	506.058715
177.4	506.756018
177.2	507.344415
177	507.822454
176.8	508.188733
176.6	508.44229
176.4	508.582028
176.2	508.606822
176	508.515589
175.8	508.307001
175.6	507.980679
175.4	507.537651
175.2	506.980203
175	506.311746
174.8	505.540373
174.6	504.666166
174.4	503.691898
174.2	502.6202
174	501.4539
173.8	500.189437
173.6	498.840429
173.4	497.415115
173.2	495.922393
173	494.371221
172.8	492.777247
172.6	491.138096
172.4	489.457946
172.2	487.740743
172	485.990701
171.8	484.208066
171.6	482.40529
171.4	480.590578
171.2	478.772401
171	476.959065
170.8	475.160202
170.6	473.380193
170.4	471.62431
170.2	469.896979
170	468.201969
169.8	466.5414
169.6	464.919774
169.4	463.341105
169.2	461.809675
169	460.329907
168.8	458.909104
168.6	457.547727
168.4	456.247799
168.2	455.010665
168	453.837206
167.8	452.723082
167.6	451.675535
167.4	450.697242
167.2	449.790728
167	448.958077
166.8	448.205821
166.6	447.527473
166.4	446.921273
166.2	446.385289
166	445.917732
165.8	445.514009
165.6	445.177708
165.4	444.909256
165.2	444.709131
165	444.577668
164.8	444.515882
164.6	444.522046
164.4	444.594805
164.2	444.732268
164	444.932122
163.8	445.191515
163.6	445.507893
163.4	445.879234
163.2	446.304002
163	446.781106
162.8	447.310726
162.6	447.89124
162.4	448.521245
162.2	449.198991
162	449.922413
161.8	450.687529
161.6	451.494208
161.4	452.340761
161.2	453.22548
161	454.146585
160.8	455.103648
160.6	456.092533
160.4	457.110814
160.2	458.15623
160	459.226736
159.8	460.320241
159.6	461.435637
159.4	462.571243
159.2	463.725247
159	464.895678
158.8	466.079483
158.6	467.2756
158.4	468.481974
158.2	469.696394
158	470.916496
157.8	472.140625
157.6	473.36481
157.4	474.586412
157.2	475.803066
157	477.012683
156.8	478.214343
156.6	479.405354
156.4	480.58311
156.2	481.744641
156	482.886707
155.8	484.002508
155.6	485.093013
155.4	486.156552
155.2	487.191623
155	488.196679
154.8	489.174474
154.6	490.116679
154.4	491.019046
154.2	491.877258
154	492.687237
153.8	493.441987
153.6	494.143291
153.4	494.789832
153.2	495.380517
153	495.914255
152.8	496.391099
152.6	496.807652
152.4	497.161334
152.2	497.449144
152	497.667803
151.8	497.81325
151.6	497.882887
151.4	497.875075
151.2	497.789368
151	497.626419
150.8	497.390101
150.6	497.079753
150.4	496.695377
150.2	496.236201
150	495.700861
149.8	495.083192
149.6	494.387493
149.4	493.615382
149.2	492.769492
149	491.853227
148.8	490.875297
148.6	489.83309
148.4	488.728577
148.2	487.563812
148	486.341148
147.8	485.060666
147.6	483.729788
147.4	482.353349
147.2	480.936384
147	479.483958
146.8	478.001399
146.6	476.492932
146.4	474.963046
146.2	473.416133
146	471.856587
145.8	470.288703
145.6	468.717152
145.4	467.14742
145.2	465.585493
145	464.037651
144.8	462.512731
144.6	461.013828
144.4	459.544889
144.2	458.109028
144	456.708782
143.8	455.34138
143.6	454.015703
143.4	452.736663
143.2	451.509479
143	450.339347
142.8	449.236255
142.6	448.197464
142.4	447.224753
142.2	446.319557
142	445.483186
141.8	444.714671
141.6	444.018936
141.4	443.397882
141.2	442.852985
141	442.385265
140.8	441.994156
140.6	441.681247
140.4	441.447435
140.2	441.293646
140	441.220748
139.8	441.232028
139.6	441.324379
139.4	441.496935
139.2	441.748656
139	442.078437
138.8	442.484032
138.6	442.966177
138.4	443.524064
138.2	444.156685
138	444.862815
137.8	445.639474
137.6	446.487142
137.4	447.404673
137.2	448.390694
137	449.443533
136.8	450.564332
136.6	451.746223
136.4	452.986112
136.2	454.281337
136	455.629757
135.8	457.027356
135.6	458.476646
135.4	459.976242
135.2	461.523838
135	463.116153
134.8	464.749056
134.6	466.417033
134.4	468.115946
134.2	469.842248
134	471.593005
133.8	473.36751
133.6	475.16175
133.4	476.972424
133.2	478.795732
133	480.627337
132.8	482.461072
132.6	484.293363
132.4	486.119148
132.2	487.933124
132	489.729819
131.8	491.502617
131.6	493.247143
131.4	494.958376
131.2	496.631365
131	498.2611
130.8	499.845751
130.6	501.375336
130.4	502.842785
130.2	504.240973
130	505.562958
129.8	506.79882
129.6	507.947234
129.4	509.00307
129.2	509.960826
129	510.814487
128.8	511.55787
128.6	512.183026
128.4	512.684044
128.2	513.056109
128	513.295579
127.8	513.403341
127.6	513.37352
127.4	513.2029
127.2	512.888373
127	512.42715
126.8	511.812444
126.6	511.049199
126.4	510.138921
126.2	509.083973
126	507.887415
125.8	506.555054
125.6	505.087674
125.4	503.489559
125.2	501.766023
125	499.923444
124.8	497.970222
124.6	495.913482
124.4	493.761818
124.2	491.524455
124	489.211171
123.8	486.830577
123.6	484.395805
123.4	481.917754
123.2	479.406988
123	476.8737
122.8	474.327367
122.6	471.777734
122.4	469.235437
122.2	466.711589
122	464.217576
121.8	461.767411
121.6	459.36885
121.4	457.030673
121.2	454.760653
121	452.565685
120.8	450.448908
120.6	448.420068
120.4	446.485661
120.2	444.651718
120	442.923694
119.8	441.307977
119.6	439.806389
119.4	438.422014
119.2	437.157541
119	436.015328
118.8	434.997556
118.6	434.105869
118.4	433.341464
118.2	432.705107
118	432.197129
117.8	431.816902
117.6	431.564748
117.4	431.439556
117.2	431.439517
117	431.562234
116.8	431.804407
116.6	432.163302
116.4	432.636729
116.2	433.223013
116	433.920874
115.8	434.730527
115.6	435.649294
115.4	436.674497
115.2	437.80264
115	439.029501
114.8	440.349821
114.6	441.759128
114.4	443.252785
114.2	444.826379
114	446.475792
113.8	448.195504
113.6	449.984217
113.4	451.838949
113.2	453.756525
113	455.733351
112.8	457.768662
112.6	459.852825
112.4	461.979381
112.2	464.141757
112	466.33352
111.8	468.545363
111.6	470.776292
111.4	473.021458
111.2	475.275535
111	477.532516
110.8	479.787002
110.6	482.029043
110.4	484.250823
110.2	486.444845
110	488.604087
109.8	490.722323
109.6	492.793491
109.4	494.810839
109.2	496.767073
109	498.65425
108.8	500.463554
108.6	502.185991
108.4	503.812589
108.2	505.334577
108	506.743625
107.8	508.030381
107.6	509.190133
107.4	510.217445
107.2	511.107619
107	511.85653
106.8	512.463976
106.6	512.921769
106.4	513.225414
106.2	513.370939
106	513.355142
105.8	513.173171
105.6	512.827866
105.4	512.319672
105.2	511.64964
105	510.819488
104.8	509.830207
104.6	508.686821
104.4	507.395886
104.2	505.965861
104	504.40666
103.8	502.73471
103.6	500.953696
103.4	499.07148
103.2	497.095452
103	495.032936
102.8	492.886137
102.6	490.671282
102.4	488.399824
102.2	486.083725
102	483.735151
101.8	481.367496
101.6	478.99024
101.4	476.61481
101.2	474.2525
101	471.914242
100.8	469.612899
100.6	467.354763
100.4	465.147078
100.2	462.996081
100	460.907226
99.8	458.883193
99.6	456.931805
99.4	455.058219
99.2	453.267313
99	451.563711
98.8	449.949944
98.6	448.432334
98.4	447.015636
98.2	445.704164
98	444.501453
97.8	443.416298
97.6	442.441465
97.4	441.574569
97.2	440.812564
97	440.152312
96.8	439.583227
96.6	439.114072
96.4	438.746102
96.2	438.480566
96	438.318286
95.8	438.264821
95.6	438.311476
95.4	438.455194
95.2	438.692861
95	439.021495
94.8	439.436896
94.6	439.938907
94.4	440.525043
94.2	441.192434
94	441.937851
93.8	442.756933
93.6	443.647128
93.4	444.605329
93.2	445.628563
93	446.713986
92.8	447.858662
92.6	449.060004
92.4	450.315672
92.2	451.623417
92	452.980906
91.8	454.388656
91.6	455.839674
91.4	457.329094
91.2	458.851667
91	460.402073
90.8	461.97039
90.6	463.558652
90.4	465.164459
90.2	466.785532
90	468.419421
89.8	470.067003
89.6	471.719387
89.4	473.371884
89.2	475.019995
89	476.659544
88.8	478.286044
88.6	479.897448
88.4	481.489673
88.2	483.057949
88	484.596838
87.8	486.09844
87.6	487.558612
87.4	488.972665
87.2	490.336664
87	491.647417
86.8	492.904334
86.6	494.102853
86.4	495.239827
86.2	496.311828
86	497.315069
85.8	498.246163
85.6	499.099629
85.4	499.870562
85.2	500.554149
85	501.145954
84.8	501.63814
84.6	502.033158
84.4	502.330525
84.2	502.530439
84	502.633489
83.8	502.645068
83.6	502.559276
83.4	502.375284
83.2	502.092707
83	501.711773
82.8	501.231543
82.6	500.656652
82.4	499.989179
82.2	499.231085
82	498.384277
81.8	497.449367
81.6	496.430268
81.4	495.3312
81.2	494.157437
81	492.915126
80.8	491.612599
80.6	490.254729
80.4	488.847815
80.2	487.397996
80	485.911156
79.8	484.394372
79.6	482.851138
79.4	481.285761
79.2	479.702423
79	478.105474
78.8	476.495155
78.6	474.882979
78.4	473.276618
78.2	471.683865
78	470.112179
77.8	468.573118
77.6	467.065626
77.4	465.593125
77.2	464.158728
77	462.765512
76.8	461.414055
76.6	460.111825
76.4	458.862686
76.2	457.669898
76	456.536021
75.8	455.463458
75.6	454.452414
75.4	453.504213
75.2	452.620411
75	451.802863
74.8	451.052968
74.6	450.374139
74.4	449.768491
74.2	449.237579
74	448.782199
73.8	448.405531
73.6	448.102242
73.4	447.869542
73.2	447.704352
73	447.603719
72.8	447.559335
72.6	447.577322
72.4	447.658828
72.2	447.805334
72	448.018207
71.8	448.304098
71.6	448.654983
71.4	449.067911
71.2	449.539402
71	450.06574
70.8	450.640352
70.6	451.264
70.4	451.934255
70.2	452.648669
70	453.404771
69.8	454.199757
69.6	455.031424
69.4	455.897905
69.2	456.797591
69	457.729005
68.8	458.691527
68.6	459.682273
68.4	460.698777
68.2	461.738156
68	462.797118
67.8	463.873635
67.6	464.961691
67.4	466.056639
67.2	467.153997
67	468.249736
66.8	469.335819
66.6	470.416069
66.4	471.490124
66.2	472.557653
66	473.617914
65.8	474.674696
65.6	475.717965
65.4	476.742973
65.2	477.745016
65	478.719817
64.8	479.661091
64.6	480.570295
64.4	481.445535
64.2	482.284771
64	483.085717
63.8	483.845033
63.6	484.560608
63.4	485.230805
63.2	485.854627
63	486.431656
62.8	486.963885
62.6	487.449123
62.4	487.886511
62.2	488.274882
62	488.612775
61.8	488.898784
61.6	489.130785
61.4	489.30707
61.2	489.426269
61	489.487559
60.8	489.487371
60.6	489.431051
60.4	489.32129
60.2	489.161194
60	488.953953
59.8	488.706362
59.6	488.415574
59.4	488.082476
59.2	487.707835
59	487.292425
58.8	486.837023
58.6	486.343279
58.4	485.812028
58.2	485.244102
58	484.640582
57.8	483.99811
57.6	483.325313
57.4	482.627485
57.2	481.910472
57	481.180079
56.8	480.448496
56.6	479.710306
56.4	478.96585
56.2	478.214792
56	477.456606
55.8	476.686707
55.6	475.911686
55.4	475.133959
55.2	474.356277
55	473.58159
54.8	472.812535
54.6	472.052323
54.4	471.304233
54.2	470.571457
54	469.856891
53.8	469.165485
53.6	468.495612
53.4	467.847577
53.2	467.221265
53	466.616321
52.8	466.032365
52.6	465.469185
52.4	464.926414
52.2	464.403926
52	463.902007
51.8	463.416308
51.6	462.955101
51.4	462.522094
51.2	462.120846
51	461.754227
50.8	461.432549
50.6	461.144516
50.4	460.886586
50.2	460.654947
50	460.446137
49.8	460.249879
49.6	460.075385
49.4	459.924501
49.2	459.799304
49	459.701712
48.8	459.636993
48.6	459.600462
48.4	459.59147
48.2	459.609299
48	459.653268
47.8	459.722021
47.6	459.816269
47.4	459.935509
47.2	460.079012
47	460.245802
46.8	460.435852
46.6	460.646299
46.4	460.875412
46.2	461.121644
46	461.383825
45.8	461.656922
45.6	461.946679
45.4	462.255194
45.2	462.584703
45	462.937118
44.8	463.320795
44.6	463.726212
44.4	464.14992
44.2	464.587985
44	465.036541
43.8	465.485769
43.6	465.942384
43.4	466.407158
43.2	466.88131
43	467.366174
42.8	467.865527
42.6	468.376187
42.4	468.897804
42.2	469.429861
42	469.971683
41.8	470.523761
41.6	471.083453
41.4	471.648791
41.2	472.217563
41	472.787491
40.8	473.354445
40.6	473.919237
40.4	474.480925
40.2	475.038794
40	475.592325
39.8	476.139973
39.6	476.682794
39.4	477.221225
39.2	477.755685
39	478.286302
38.8	478.817723
38.6	479.34219
38.4	479.855811
38.2	480.35426
38	480.833249
37.8	481.282831
37.6	481.708376
37.4	482.110095
37.2	482.488772
37	482.845395
36.8	483.184271
36.6	483.50099
36.4	483.794262
36.2	484.062393
36	484.303351
35.8	484.515469
35.6	484.695596
35.4	484.840991
35.2	484.949028
35	485.017388
34.8	485.041812
34.6	485.024373
34.4	484.965077
34.2	484.864209
34	484.722195
33.8	484.539639
33.6	484.316464
33.4	484.053351
33.2	483.751135
33	483.410648
32.8	483.036834
32.6	482.624534
32.4	482.171883
32.2	481.676843
32	481.13766
31.8	480.546632
31.6	479.912933
31.4	479.240267
31.2	478.533017
31	477.795761
30.8	477.037543
30.6	476.255295
30.4	475.450773
30.2	474.625647
30	473.78169
29.8	472.920139
29.6	472.04472
29.4	471.157875
29.2	470.26198
29	469.359382
28.8	468.451853
28.6	467.542713
28.4	466.634996
28.2	465.732053
28	464.837584
27.8	463.953199
27.6	463.086278
27.4	462.242278
27.2	461.426403
27	460.643145
26.8	459.903094
26.6	459.198807
26.4	458.52879
26.2	457.891291
26	457.285036
25.8	456.70044
25.6	456.151647
25.4	455.644334
25.2	455.184466
25	454.777542
24.8	454.435399
24.6	454.150613
24.4	453.922367
24.2	453.749131
24	453.62908
23.8	453.557317
23.6	453.536888
23.4	453.567696
23.2	453.649838
23	453.783532
22.8	453.9691
22.6	454.206731
22.4	454.496598
22.2	454.838712
22	455.232851
21.8	455.678212
21.6	456.174262
21.4	456.720088
21.2	457.314494
21	457.955933
20.8	458.645455
20.6	459.376718
20.4	460.145897
20.2	460.949137
20	461.78287
19.8	462.639157
19.6	463.522507
19.4	464.43277
19.2	465.369797
19	466.333049
18.8	467.324874
18.6	468.33783
18.4	469.368154
18.2	470.411916
18	471.46521
17.8	472.52458
17.6	473.586588
17.4	474.647253
17.2	475.702469
17	476.748155
16.8	477.777033
16.6	478.789943
16.4	479.78516
16.2	480.761202
16	481.716544
15.8	482.652529
15.6	483.562406
15.4	484.442239
15.2	485.287823
15	486.09487
14.8	486.858738
14.6	487.576183
14.4	488.243578
14.2	488.857626
14	489.415455
13.8	489.913233
13.6	490.351127
13.4	490.728055
13.2	491.043072
13	491.295256
12.8	491.483368
12.6	491.606465
12.4	491.664178
12.2	491.656507
12	491.583683
11.8	491.451028
11.6	491.252305
11.4	490.985204
11.2	490.647351
11	490.236875
10.8	489.744003
10.6	489.181419
10.4	488.554975
10.2	487.871564
10	487.138298
9.8	486.370109
9.6	485.560768
9.4	484.711267
9.2	483.821906
9	482.892878
8.8	481.921236
8.6	480.913808
8.4	479.874601
8.2	478.808509
8	477.721118
7.8	476.617467
7.6	475.505156
7.4	474.390354
7.2	473.278656
7	472.174911
6.8	471.08437
6.6	470.008222
6.4	468.949602
6.2	467.911835
6	466.898475
5.8	465.915929
5.6	464.964901
5.4	464.047319
5.2	463.164699
5	462.318442
4.8	461.503598
4.6	460.730773
4.4	460.004956
4.2	459.331115
4	458.713662
3.8	458.162582
3.6	457.670889
3.4	457.237412
3.2	456.860487
3	456.538362
2.8	456.266737
2.6	456.048647
2.4	455.88417
2.2	455.773523
2	455.716989
1.8	455.7133
1.6	455.76477
1.4	455.872101
1.2	456.035617
1	456.25508
0.8	456.532441
0.6	456.861873
0.4	457.240403
0.2	457.664961
0	458.13255
